# x cohort sn lo hi
0 tcrvdb_true 1033.6977314476417 985.8455154006235 1083.872658857484
1 vdjdb_hq 736.6594835095143 58.20017465924171 9324.150620196344
2 vdjdb_lq 21.24756534567625 14.054718794995313 32.12152727520529
3 tcrvdb_false 9.942089825830953 0.5350106567572033 184.75360977669087
4 immrep25_pos 3.8837369368033023 2.8035463949081096 5.380118774451271
5 airr_control 0.9948575007721976 0.9879482286511663 1.001815093280733
6 airr_top 0.8926718049942522 0.6463090552805916 1.2329441231265783
7 olga_matched 0.8784668728282741 0.8467791909513179 0.9113403528370986
8 olga_random 0.9584321255882879 0.8181478196771758 1.1227703811789675
