# x cohort sn lo hi
0 tcrvdb_true 495.6944623455057 429.98005334221784 571.4520896727246
1 vdjdb_hq 1755.8909011963663 185.8703681248718 16587.651318540768
2 vdjdb_lq 29.679171220453743 21.796510229711767 40.412579584977806
3 tcrvdb_false 85.91274643497323 43.90876054869021 168.0985732178719
4 immrep25_pos 2.6949237348325124 1.6159477042291595 4.494337234773347
5 airr_control 1.0 1.0 1.0
6 airr_top 0.9157234564553882 0.7205565796009049 1.1637523998005141
7 olga_matched 1.0 1.0 1.0
8 olga_random 0.995069535533504 0.9884277684728987 1.0017559321270852
