# log10pgen1mm
-9.758027554489484
-9.605831986087011
-5.755988493929029
-9.23863289280309
-6.385740969673493
-8.822673357547043
-6.605798361142697
-10.737601987450683
-7.01167381567018
-9.807103058989695
-7.677274637163275
-10.033867832856325
-5.77601837789596
-10.194737902533577
-7.8222199598995745
-6.83419393879353
-7.5431942095955495
-6.561298816062262
-6.588783084462392
-6.355616721754657
-5.025179116679033
-6.281901390785106
-7.211436624319485
-7.043316234830752
-8.851066921035638
-4.853377716792373
-9.427034878082747
-5.535857618256879
-13.374291366024803
-10.864672531843704
-6.470809645197205
-6.321052525386217
-5.405529526974545
-6.79216728640603
-6.251432549940685
-6.671230381174848
-6.9873622822942485
-8.818726278257841
-8.666778054025697
-14.044684446155108
-5.497388525308923
-8.185892212653307
-6.286975847522161
-6.210637729187749
-5.73629832073211
-6.630859651273965
-6.986792538224892
-6.411142196413574
-5.48210357657321
-10.021635575638085
-5.716194260858109
-7.354375108313322
-7.13844116121317
-5.916880963603402
-6.770943472055858
-12.18086844235999
-11.515167919865384
-6.934975236907153
-6.277293768923824
-6.7627586412227805
-5.151584246253761
-6.519907200928963
-7.962866481818794
-6.284453041484113
-10.738018555975968
-8.067661901118585
-7.664535304201198
-7.655848932296339
-5.628110087321993
-6.6571233546361395
-5.112297952301363
-8.02851992835733
-5.9690508416917725
-8.758935351309887
-6.610914410088168
-5.563952151825677
-9.361245084986546
-6.6580858326663765
-10.272241953784045
-9.29033916974955
-6.214542027330202
-5.798781411531538
-9.527238634314925
-6.7676683216626925
-7.4512973295476845
-5.183880555516442
-7.730797035432463
-5.6093074730641606
-5.798192635955925
-6.597486469377352
-8.206026024546064
-5.075033672240376
-8.005201272141584
-8.705566027692692
-9.548531203098236
-12.332353883684704
-7.267779038626312
-10.338958070722809
-9.321744326776678
-8.743477437708453
-6.1896537724769916
-6.507637610482738
-5.628342227548148
-7.598287074488947
-7.837889671221202
-6.575783502801075
-5.001385150126556
-8.688060309006142
-5.971277819353311
-6.215148983504403
-9.472238642581209
-7.065745639977709
-7.496035831777696
-5.468852355455754
-8.961624784015067
-6.168017621713342
-6.482941729459548
-6.222043036479242
-6.907002630682221
-7.166250490922622
-10.212416608645158
-8.08203027843586
-5.579987006371373
-5.950780573971512
-8.975622492193807
-10.488859437079034
-7.665582525329588
-6.044496645196878
-7.569092224116836
-14.178362646932378
-6.439049950081235
-7.296431104508071
-7.041297314196106
-6.791793053411148
-7.85017618465219
-10.76564740715844
-8.652941118740097
-9.187341983940861
-6.578969911823327
-5.685641591119774
-5.431139029358192
-5.229748187884489
-10.347718229988649
-7.588394450230749
-8.069521323672111
-5.431029044368629
-6.261991383243102
-7.1405626817648065
-7.192357699073056
-5.919854651516835
-5.813012006107261
-6.758442736486441
-7.727441971321863
-8.217133373031109
-10.754230670999597
-7.315895340075646
-7.934132735499714
-9.222853122457185
-4.584111184991679
-5.384215233947941
-8.891800851579907
-5.040577410468517
-6.67571226447041
-7.025815581084052
-6.410593216522751
-6.54772355862804
-7.871321333630651
-10.745357847915521
-10.378044219573264
-6.830199187601499
-5.609130540652577
-7.78596783426434
-7.495139713888457
-7.342750817869481
-8.016959803971869
-6.587091064287389
-7.3788605848102735
-7.596555774800074
-6.1479148869198665
-7.127120309291009
-7.400328876698044
-9.171664635900685
-6.36059682836875
-6.672821362769295
-9.560010541756974
-6.0958194424199785
-11.39676381239473
-7.542519212274587
-7.247349967180469
-5.033554780198643
-8.019126818421569
-7.998616976744875
-5.451661419120626
-7.6907331770356056
-8.944474841298716
-12.268216935240915
-8.94323439108489
-11.184134997089016
-6.718499186929887
-13.413370297967537
-9.430577313855057
-17.070742205955703
-6.4141288013416675
-5.089235415130963
-7.930790515143645
-7.272272773677724
-6.5288086477261995
-7.118092410837794
-5.398289394314258
-5.424288683199963
-4.746186696815559
-7.443833836847643
-5.21304230160522
-7.139888118533118
-7.0441336818526255
-5.372548852301594
-8.414239057314244
-5.088720726846576
-10.270635342849683
-5.797768167346314
-7.165060842165997
-6.37245588391442
-5.446718838264042
-6.441699781974153
-7.2361019988640995
-13.505068865710964
-7.124038163078364
-9.934224485596518
-5.231614456455784
-6.938803942178222
-6.796513971323913
-8.963316638171646
-5.815041013490644
-9.564465925966747
-7.2880491160238705
-9.277454559734533
-7.879267460371334
-4.838819509977146
-8.450887099724241
-6.840085617105988
-13.702574960878277
-5.599886557293384
-6.607748916468821
-6.291431099180556
-8.486882607764565
-8.571200000349863
-8.939332905930279
-6.237100826564044
-6.73746829566273
-5.005189173447763
-6.8800514228989895
-8.347445646046783
-8.367404541842527
-5.247528257669883
-8.307804309359017
-7.1251742220893695
-9.354672175323602
-5.282922814351754
-12.114282342991574
-7.553647527448364
-7.911846780282997
-9.156282587952571
-5.492237351681096
-5.668888567868176
-5.593096655259521
-8.80538419826981
-6.394267580122696
-7.492096975072087
-7.499589021049764
-7.457364652614235
-10.408381497365145
-6.939744243177583
-7.1367128142019185
-8.916638119257957
-4.212592946729355
-6.2525383988786745
-5.668648204044421
-7.184660750630739
-5.699658482491059
-5.170717839691853
-9.601518785320726
-5.071519935339979
-4.4127328523520495
-6.31986875040958
-6.172365573749317
-9.2021103062559
-6.456815997420423
-7.727134088588467
-5.356066438866741
-7.268133344343625
-8.949977611556339
-5.06958343336275
-7.48873318994718
-5.971291012415103
-7.565971520159174
-6.38618757073221
-7.61182159106678
-6.70848157437532
-6.323696567206597
-8.241081674773001
-9.507394321975964
-6.8408393505346385
-6.203573784785195
-6.257928594777974
-6.37437838391758
-5.542942904494057
-10.698081549047568
-4.9664115907890505
-6.500450798001829
-9.892945439780839
-8.571034119330957
-7.930178865019304
-7.41392970356899
-10.144483802436136
-10.024680921749926
-8.502454504665472
-9.37100119189323
-7.240698943329383
-5.2067401178724095
-6.669574326161112
-7.676951173336654
-5.84301889620252
-5.483419071690436
-6.579474983923258
-7.559674907769725
-8.567193884103736
-6.818266615699547
-5.679708567528121
-5.485095307651199
-7.511282676378026
-6.282944486688166
-5.147164268650515
-6.677861289706117
-5.072648913881264
-6.543959574971636
-7.68318890320696
-6.296165602230247
-6.867178739460314
-5.311537236963223
-6.669676826779341
-8.040566963050711
-6.827906969993915
-5.255928692882102
-13.778283016977607
-5.938056723323003
-6.915343042915144
-8.146649321041837
-5.99880726197782
-9.730927330631074
-7.390162263103736
-5.892324469586463
-4.848792567350211
-6.2132029700832465
-7.878245466089083
-6.070871581422834
-7.3294957023358185
-6.808398809769065
-6.072097959133771
-5.520477010197095
-5.28982572753215
-7.106646458630926
-7.224533794292787
-7.379806980928282
-10.5269851860927
-12.707456317427933
-6.804205973216845
-8.687102651951559
-5.51719207967617
-7.637591853259313
-7.014589007873197
-4.9591384176863915
-6.195891488128907
-12.786124476332306
-9.834903843346241
-10.075025457314998
-5.281353475967265
-5.710236333543291
-8.523690974165353
-5.1565106116883745
-6.153636090545914
-9.470002235591169
-4.809197732326038
-7.073885614363599
-5.194610755303462
-11.52582339874024
-8.243076163128235
-6.705704600014992
-7.6631829537543705
-7.005026726251722
-6.61467939842532
-5.777702872421606
-6.676452016593283
-14.01435702674259
-8.70852694804946
-7.6006045924516075
-6.402202090351022
-9.724467092212505
-5.345352230192691
-9.544512193460506
-6.50768930366112
-5.346082797488734
-5.5657596740497635
-8.665947704790872
-4.3405816362896426
-6.511998884452922
-12.146344172090371
-7.476637383762966
-7.164052140091177
-6.328638825600788
-8.523719913145339
-5.8646457047075495
-5.420892361660648
-6.874129715612536
-10.112493241720712
-6.829550256186926
-6.108691559818398
-7.133075712658026
-6.507740816207056
-7.071978308996855
-6.022994430070553
-6.482892285591308
-7.418893871489842
-6.688077882807732
-5.883193664377675
-6.364899013186809
-6.143170026472931
-6.486805418939018
-5.763303440801488
-7.682912724715166
-7.359791103456669
-8.646608624211709
-8.853393613792027
-13.001989431725969
-5.086756806866615
-6.112615612181535
-7.7533916943440495
-5.908672035318946
-8.048558326655058
-7.231809421560954
-4.290075929829316
-6.91896300406006
-8.379243556651181
-6.43416102084577
-8.38777304639499
-8.120341031788856
-6.830422408519818
-6.981849188739298
-9.941243974497235
-5.272754765110885
-5.551374668239166
-12.903103917778134
-5.446965427749472
-8.113542123185933
-6.257702282085743
-15.656141053156013
-10.300237883498577
-5.494907455750283
-9.707962629798102
-9.906918529754856
-5.856604813194482
-9.531693859791314
-5.867722595899349
-6.754853905148657
-9.066312454748616
-6.301111727316108
-6.279313621918454
-7.795649526238943
-9.417447373715087
-5.847312230333846
-6.313964560344005
-6.4804374265758495
-10.300566005018954
-10.48750111673764
-5.071695340636046
-11.119860636563406
-5.453658289917748
-7.8293249381897
-5.510998333725006
-5.546945480652935
-6.772342238184838
-6.902177388316377
-9.871771469671785
-7.85039681656502
-6.288989854725676
-6.61454529442405
-8.203484812276216
-8.313589468920945
-6.500924827033672
-6.623353509252402
-8.093400103560286
-5.3825409816135945
-6.110663400498889
-5.70661813124324
-12.05019235091639
-13.603036218200227
-5.966987657847334
-8.48967395906744
-13.104918580576404
-7.431360926843719
-4.648193067701104
-5.556269385738863
-8.213815501559282
-8.720307057264089
-6.428027960236684
-5.879211388622586
-6.6252221033733845
-8.424542543764739
-8.217399595653118
-6.115752103075556
-6.554641349672846
-6.178548897704883
-4.927426830796195
-6.791169783715092
-5.043308021781527
-7.582364341554703
-4.965165052545345
-6.5081545952776825
-9.764889778164887
-8.371430560997664
-6.103201002737127
-5.448075678696226
-6.295955436703936
-8.289378747327032
-7.6497207171265265
-8.841846963448038
-6.747253696035556
-7.290201159990628
-8.539976881456932
-8.924537048303131
-6.032434464453007
-7.666837976023612
-7.912979989175417
-7.628626218912221
-8.276081222831042
-6.10887188383005
-7.590508540465938
-5.121764910360757
-6.192852692900123
-5.488263837763933
-9.066257923971095
-5.293665639162953
-8.959367947543768
-6.571096820240998
-5.384913620795573
-7.726738349433417
-5.522556943232521
-7.881633111566398
-9.50711258568658
-5.843982827997663
-6.376722877032581
-7.5311914569309115
-6.02729225896828
-7.444119488383785
-4.701654482457885
-8.19900008425905
-7.984638738033329
-7.67757554418118
-7.439751971531438
-6.056301727041398
-7.252078129142458
-6.807211925177278
-6.117446099530991
-5.20412995200195
-6.602409137095291
-6.831159146540664
-6.5627871377078515
-7.7218428784637965
-6.348420940496377
-5.839101861968155
-4.674641784579397
-8.013647311954001
-6.911930525505883
-5.900458369856938
-6.356124042970099
-6.514674441769476
-6.943380747211424
-5.982313857774347
-6.897087966086372
-6.488519227030945
-8.154619784280452
-8.252424580049933
-6.357739708658856
-5.438038388332723
-8.007594956497453
-5.143216862315423
-7.627459076773695
-6.2695339389420806
-5.127097966778148
-5.905368905005078
-5.598077493257269
-7.6038994604382895
-11.505594650523816
-6.279965383474368
-6.977977381103327
-6.0023061426332385
-6.074257521768993
-5.7507169403978775
-6.217886420912387
-6.315778797317021
-8.75711215247664
-6.2249172358543134
-5.971906485350035
-7.991694814492713
-8.322541436542917
-5.28927193614474
-8.79740812120376
-8.27901524454841
-5.35599153538805
-8.117436592764225
-8.516759853738732
-6.033104918952764
-6.487374095279848
-6.769060852773636
-7.231239932752133
-8.84349282875355
-8.656669087823767
-8.187348026032636
-7.436853713637004
-6.557627557498573
-6.154887227383979
-5.9055196245721815
-4.837528398516132
-5.279438366834711
-5.795667784689297
-8.17373556226506
-5.7265985947857745
-9.051645241499317
-6.00133579826185
-8.432560884075954
-7.992920854190643
-15.679770574882138
-5.141137048674632
-7.617249882887322
-6.271064413147681
-7.819713311188055
-7.558471981541345
-5.80938628835963
-8.99192668153234
-7.203261739857662
-8.754926286787027
-8.249355608251909
-6.6592338997445
-5.989954656259112
-5.063463210243797
-5.5118876763733775
-4.930931969949101
-9.741787118346442
-8.752244326803632
-5.219644871255954
-7.09713239139751
-5.845530469455473
-6.405251738316506
-6.931765766562955
-6.353855450278925
-4.40434946784554
-4.311810571054042
-11.147271264295448
-6.885421309698638
-6.125667266324877
-7.307157410602118
-6.234869763532003
-6.201222650641518
-9.965044523894711
-6.981287600124488
-8.062371581844731
-5.2276501933893
-7.986045467106731
-6.725250074963859
-5.044595100769532
-12.027969938245144
-7.497113124392511
-9.61566345352064
-7.098156861229632
-5.758748503883229
-7.50337864746128
-9.078577784270971
-7.296483227629845
-6.813430682966854
-9.99011969685373
-7.9813058599047775
-6.46677581280465
-8.056140542747448
-7.863181732460612
-7.227004834642826
-7.473950066754337
-6.4635156405009955
-4.94134170106878
-5.414875216414757
-6.845672546908594
-5.485081831573176
-7.097086197393066
-5.081445708264162
-6.264446282915396
-6.69944033255771
-5.087178851702382
-4.8331878408051026
-7.099877954403645
-6.986612902383328
-8.266702835724557
-7.584079466950653
-6.594619862665261
-6.322503414680504
-7.006153744496143
-9.012907487851455
-4.6760276780047665
-8.70187383008295
-5.874591153484858
-5.721531301019569
-9.16678118879622
-6.148995598897236
-6.362688172212728
-5.620639243683157
-5.420378180628585
-7.307062573000886
-5.6587908139843535
-6.699811886275811
-8.402767141305793
-7.597905126113553
-6.674286298387717
-5.638477100705624
-5.428383250381867
-5.961703957733173
-5.535818585998628
-7.16781606129962
-6.222742615001147
-6.958417604150515
-6.93313007613543
-7.551647130684418
-8.358808357457097
-6.80159760883387
-7.187232019926939
-11.76193811989021
-6.917342950557651
-9.397224360166092
-6.995580879328154
-8.393975353413525
-6.2326274431304345
-6.392839383355272
-5.303762735947968
-6.341142215810481
-4.673565192607946
-7.7161158554686935
-8.814236657023871
-5.738619472317128
-4.765828822561256
-10.498197791485204
-7.577215722363469
-5.850965027079486
-5.664037602500855
-6.073707003048286
-7.053098980617044
-6.70198369555192
-12.047896256476754
-5.7905248112324825
-10.146345521393682
-6.8068740498349225
-4.360609387034248
-7.0430365948255105
-6.261964432704689
-5.476902743878506
-7.484612889034392
-10.76487019372436
-5.764928815062972
-5.085159937578662
-5.875805383467759
-9.574934438196442
-8.652876024748403
-8.575728213702575
-10.035154780938432
-8.376730357677078
-4.969115829166021
-6.521751327270747
-5.8663720395375645
-8.622819923914488
-9.638746467095888
-6.341816173481821
-5.384613815442424
-7.658655466345154
-5.512538842175721
-7.576370900540446
-4.906341363896314
-7.63194155925482
-6.254519763130413
-6.727640440293599
-10.347325754887118
-8.85729100057819
-5.246923264480793
-5.834888577941753
-5.157962903909056
-5.718439900689999
-7.71373288217956
-7.132466834892835
-5.428717880842004
-6.201456582464851
-6.8677677214795665
-6.026630913295912
-9.262584730319803
-5.344964985825428
-7.362776304690972
-5.662015785256966
-8.434247504619837
-7.9939259600563
-5.0841980215396605
-10.707228172342962
-6.211508496580059
-9.132680118685318
-6.529146009240287
-6.371134013048235
-7.530604759485799
-15.19852906183181
-5.912498151378392
-6.566960595705245
-5.83475167219787
-7.471216373694648
-7.789082911120127
-7.579115867710544
-6.719971498423995
-6.000251780859754
-6.480376856253398
-5.086423467269729
-5.58897852060999
-9.02292045302605
-7.582480224710131
-8.450011611215102
-6.545523884450787
-8.40110535864541
-9.497523832362976
-6.4694034191709955
-5.159247619623241
-5.616356685626283
-5.339653912431517
-5.379443924080741
-6.293245510321702
-7.1343350513963815
-7.969254226821681
-6.5672822602420915
-5.806321818669858
-7.768657858962782
-6.249089989825746
-5.323271904815511
-5.497780117298615
-12.00275006165319
-5.861952678553774
-5.61902301779755
-5.586206597413401
-10.181287775136212
-7.987324616129879
-6.784604172708482
-5.9650327524426405
-7.770683247915432
-8.980510159375564
-8.954688232240217
-8.098014650178184
-7.013129142338296
-5.453416716426686
-5.822083810259186
-7.603517686264693
-6.089831009913112
-6.040162850196162
-6.399026834649166
-6.611632379335547
-5.838940278166545
-6.895938276970684
-8.355832776803013
-5.856123966739497
-7.180163168451357
-6.62988606028115
-7.264280882597116
-7.2316728595918365
-7.512262747342311
-8.978210711762197
-6.142544414813325
-10.744084050288093
-5.176121568660536
-5.621714084519581
-5.833703050464219
-11.189904347894513
-7.4836195513221915
-7.0788582869653895
-8.642344833591535
-5.434811623241731
-8.480721397243462
-9.947394450191117
-6.180793101857204
-8.467860276821133
-5.588433632599941
-6.377329795070792
-5.9251986489631845
-7.408067180380335
-9.884143746195447
-5.595226713276056
-7.824339643682892
-8.051600569672104
-6.935105157071932
-6.545296059298485
-6.952118710114367
-6.301841436511098
-5.5247573753895365
-6.59589992077694
-5.587020684996869
-5.739618795162779
-4.51161482864638
-12.861085861797932
-7.508136592587592
-8.594407715073586
-7.806423493618643
-6.118269116546902
-6.297517105829459
-6.15065458613791
-6.601111872275522
-12.490355615489115
-6.488733389132328
-7.170303819085751
-5.791513447411921
-5.507029549960591
-5.639805848940706
-7.787089222523552
-9.135502640867266
-6.169481114794482
-9.12113411506625
-7.662236000513719
-5.6688884128236
-6.321623861618588
-14.602155603442228
-6.273261172187491
-6.184534727474492
-8.60246151670901
-4.95586610057273
-5.818593044062321
-4.894607505028818
-7.816622745314812
-7.316483045954776
-7.022297815155199
-5.7098330543146885
-6.931317424875853
-7.032370751522703
-10.969107654910038
-6.78724919868714
-11.246554983285318
-7.250814129003761
-8.50590711997094
-4.478007446882012
-5.710246841745596
-7.084373620072096
-7.794679912604562
-5.496230780569999
-11.737785020137192
-8.510512045536743
-6.618370968130263
-8.431741562453814
-8.121122300078053
-4.616193689856128
-8.668785266595963
-8.42306341593116
-5.737128202409726
-5.692841440319787
-7.407185508533878
-7.317500459960286
-5.794344834465655
-5.435565420417941
-6.54773452969096
-7.584561246082005
-7.358169329859881
-5.139346948962143
-6.690006538463002
-5.900665942654518
-7.705455858760527
-7.598757656923422
-5.439994374644864
-6.347435488470858
-7.875510632782101
-6.541843967724753
-5.522150944776116
-5.292468543288075
-8.63108004912102
-6.55802521578202
-7.353061673018498
-6.498753546968551
-8.72508340673829
-5.646631910412359
-5.89150754005264
-7.171571274822629
-7.479938752419316
-6.199953075779495
-5.756781083763496
-7.7290746744533925
-6.824908972039205
-5.940727509601864
-9.434268048572727
-7.6596186360262335
-5.473574512174868
-5.057154506682691
