# log10pgen1mm
-3.8473041366505965
-3.8469943070849597
-5.396868552614068
-3.968027283249286
-6.466300920047284
-8.440061090385719
-4.006156862903095
-6.8994638035906695
-4.7999348949033696
-4.15588681371644
-4.828648230254988
-5.618297783567038
-5.124155757135987
-4.443808310790733
-3.851664160330203
-4.93568564904315
-4.018512040926715
-3.997812674774094
-3.9685440666313516
-3.9590517490981303
-8.002542109773064
-4.539113690859487
-4.068409640622994
-4.73633559900225
-4.274939293856965
-4.648760746623926
-4.0787275902046645
-3.8981751931377273
-4.112748727177752
-5.816224535382927
-5.1345070628093366
-4.213607279469826
-6.745092950728252
-4.948177601620084
-6.495518416196967
-6.804685680604522
-4.544600065173993
-4.834758240774161
-4.9477296857480235
-4.777743119205877
-5.472504350011482
-5.670192268961464
-4.047460263374009
-5.549804509608079
-5.143081950252608
-8.642979730223486
-3.8832711758958016
-6.106416372246114
-4.202674863704686
-4.985692294697616
-5.914338627340606
-4.00551358605622
-4.63886805467146
-5.718423840455573
-5.920987230308641
-4.231052620127029
-4.850625649685374
-5.665291774028647
-5.836908956502667
-6.533531451842931
-3.871692082346904
-5.875692641318094
-5.986778838022578
-4.127560184971125
-4.474507761573021
-4.400910301081524
-5.831281272906531
-7.17415924937726
-4.9188753915649865
-5.960692843993022
-4.027093125633715
-6.0721773219613215
-4.683375712318994
-4.921683907706088
-3.6420394022160623
-3.9982104999939714
-5.443053047599498
-6.3106538381425725
-4.0362891807907495
-5.7489561467554084
-4.0996102984097185
-5.317637209780689
-4.147926011304415
-5.337740406870473
-3.9488963874358234
-7.731500073881951
-5.217011966349582
-3.912413083653629
-5.432419924829331
-4.903672141046616
-4.109736918987935
-3.903022441073306
-5.495112052038253
-8.489199104986824
-7.070998611088986
-5.251073561405566
-4.423778096905487
-6.348061223869005
-4.874148963926796
-4.169298039079634
-3.800849409115185
-5.844973870567529
-3.9330023474513864
-3.7536583029835735
-4.004835769053639
-5.300713476284715
-4.0273811566682065
-5.582029724221577
-5.251327574237161
-4.393412384875652
-5.191761433789669
-5.934598591120801
-5.043595669916175
-7.861557270624683
-4.45397541083641
-4.267004691433226
-4.925241166013272
-5.990962537046965
-4.00550197451125
-5.448118128888394
-4.664125904110051
-3.8924411401178185
-5.598178400479824
-6.5377766102517345
-4.007132884390316
-4.582565920058002
-4.175768223952256
-3.7742464129233046
-6.206583549340976
-4.424520699008551
-4.028398246476237
-5.265683171319243
-4.697238304295087
-6.227000382031898
-3.5134489144676975
-6.573389575779955
-4.368236360559016
-3.890877542315854
-4.099419358619295
-4.346758407029264
-5.4611838398393715
-3.93875047752709
-3.757343505972505
-6.022001322255141
-4.226171481722894
-7.8367733973324
-7.7336894348142575
-4.089958553016935
-3.9972223459266516
-3.67895150657734
-5.239246197299382
-4.584250980115434
-3.4205260955930936
-3.92848321894919
-4.342529666588786
-5.226464189213614
-3.875292030929823
-4.192093473721088
-3.9476463716933385
-3.8853365449199764
-3.461020137612769
-5.189895867792766
-3.983071211777216
-4.489506526161658
-4.2044716944737575
-4.096545154633079
-5.5395063762405465
-4.591110573121666
-5.177778014032482
-5.83390920498361
-6.664878619031804
-3.517846622289193
-4.833895838022809
-3.7039947559939495
-4.1667187119231865
-3.6535512339396843
-3.983783595593062
-4.568190619938517
-5.1342641278770245
-3.5245576008504664
-3.9136660846958127
-3.6681554313757934
-4.450803118740053
-4.357283300598206
-3.817998382547409
-3.6867081062961424
-3.634219910045086
-5.250686872459661
-3.9371514918780113
-4.058280926371233
-3.580780349161998
-5.389076492411006
-3.6980798969159125
-3.7915874278255166
-4.503759902923442
-4.32256134838757
-4.560000509731624
-4.290507525996292
-4.97057770386506
-3.600350357185218
-5.5382430262448175
-4.130253317486789
-4.341576957895907
-4.018691126744446
-3.6919887361588786
-3.9718048636093646
-3.9546320772817114
-5.106310487620786
-5.956005305233841
-5.387682787221553
-3.958999644004062
-3.9201071112207635
-4.0247958336915275
-3.9227177430248625
-6.160310190811943
-4.852646659953665
-5.039574678372432
-4.891316801034826
-3.488669104572318
-3.8391816567293047
-6.2310162463090215
-5.654462435256249
-3.8467024600869415
-3.445991362309895
-14.966367179484719
-4.689318906722942
-3.5315609230016722
-5.2486776720324455
-4.71259712096538
-5.74569079054244
-3.701096280996594
-4.460783729897735
-6.116584326976251
-4.277293075618609
-3.5443903228134763
-4.00442045085051
-3.75947428349496
-5.698620939592072
-5.3180347469114615
-4.116556873710082
-4.959199217842448
-3.901671403269645
-3.5875392465139044
-3.6009699578516168
-3.6801909272702247
-5.018949045092751
-5.009831579452233
-4.154019400823483
-3.769634088201145
-4.334613850511919
-3.8307554793336744
-6.552240917595178
-5.423091138464393
-5.31340180893371
-4.996195764223796
-4.194324337743962
-3.8273562247214468
-5.729560360629234
-4.945748559067573
-3.67335973877468
-3.57343921239181
-4.962957956556665
-5.630764358926005
-4.164798657065522
-3.558716183671979
-5.3167283084252
-4.437533674117679
-3.4969581539474595
-3.7640609908085563
-4.315532954412785
-5.311662401761921
-3.7759348393544077
-3.8907505072461
-3.984905139943365
-5.087388069467207
-3.893071736027591
-11.702715200129587
-3.8017710037834442
-3.893850413234777
-3.9661980225629487
-5.7181432598073485
-5.251731414882934
-3.9331094713925556
-4.089507751103004
-4.424720030696783
-3.679510914062069
-4.273494204630536
-5.381966153954801
-4.504176394035008
-5.152985786552065
-6.990911552736663
-4.575597147288794
-6.313750403179266
-3.7899689247533237
-3.8048938127904743
-6.138138653322258
-3.8993780153394058
-4.706156991570301
-4.166238574868963
-3.7891626603824875
-4.770902010966869
-3.676135091322008
-4.455153858649129
-6.178138425518397
-4.390611026590428
-3.906093079930901
-3.6889319246359484
-4.743355161302108
-3.8921602571875473
-4.988664961093667
-3.7301355788614377
-6.210794182303464
-11.794774004282651
-3.97575825990732
-4.149659622098481
-3.827613908987083
-4.08288533923549
-3.7326574741201903
-7.1346152368327385
-6.992953620534232
-4.373048519916906
-6.199733662315172
-4.158767584935688
-5.888810951557655
-4.966173416918405
-7.425757766432447
-5.228403669440883
-4.981592612873708
-4.149971089909153
-3.4146639461751054
-5.124136160110593
-10.655674743620096
-3.7647025437370814
-5.245344023163337
-3.746433520877249
-6.68118095616733
-3.6792607366645744
-7.040567490545069
-5.8233845354949905
-4.744721971739914
-5.6758844146606995
-9.441395776595899
-6.484027971943648
-3.5673791340431764
-5.7771645299252725
-4.2101786727049575
-5.560301948533673
-3.7204700235196557
-7.447083501869874
-5.063681546253592
-5.149195760643232
-5.422874074104941
-3.9672196843905416
-4.967400308787282
-6.868908340568593
-5.148653725181706
-5.022428953541171
-3.546637928815451
-4.103748157455052
-5.78096741567238
-3.812049081121509
-4.027275603011298
-4.583117562559178
-3.9045863563340824
-5.653108349578207
-4.959602775291099
-4.018580379855342
-4.12758064557792
-4.875139694290563
-4.732946907679524
-5.474598969769942
-3.999852395910427
-3.955966212320677
-4.523744343672512
-3.946627168921331
-4.414708278066751
-4.1371808482419
-3.947492463955193
-5.108269991525045
-8.115871715067582
-5.105230644516216
-4.416661233326861
-5.1988716168262465
-3.726575946435388
-5.537742861332633
-3.983034135586888
-6.083092779338089
-4.23776748437255
-3.6290107431631355
-5.0588475704957885
-4.062012046177712
-3.7578558777939346
-6.68423644805953
-3.681471388071794
-3.830668471744616
-4.712630520123395
-4.747649946295022
-4.147729940337985
-3.8439093969219815
-3.872344652094596
-5.765559016522836
-5.021691407076497
-5.296079995855969
-3.46001425379759
-3.7695524710405324
-3.8119656492062677
-5.466369360678129
-4.0951079523791245
-9.861913065247105
-4.934337254796884
-3.927123813167374
-3.9596409611900762
-5.974441137524958
-3.8537361116428093
-3.808994372198171
-6.057850439847162
-4.464380224019724
-4.261858673925797
-3.7414199338166507
-3.874271971873469
-5.270681819377872
-5.92491578446831
-4.151804906676177
-4.494919302425684
-3.8206434264622526
-3.8499495316497283
-4.071256948465537
-4.338345490361045
-4.110508853644051
-7.84712962120595
-4.916309404096846
-5.574893459803036
-11.023490335684848
-4.712531003983818
-4.449739723512361
-3.6301499744566046
-4.356363916830277
-3.720102285244392
-3.667350116109315
-4.383020216678884
-3.871520452202875
-3.741304998455486
-4.060884523184816
-5.255717722335883
-4.0158685685114355
-3.710879793584821
-4.006218369826332
-7.261404714577706
-4.21436043860727
-3.7928665194311586
-5.913394772367314
-4.473037651354191
-6.164044362714338
-3.785893903558045
-5.533057936065047
-3.735699098408037
-3.9465126458636806
-3.726729914737673
-4.91099690860718
-4.217043554620535
-4.123412083164879
-5.2897062480797175
-3.809473283309726
-3.9196388661470736
-4.707525379710732
-4.301855400061304
-4.801949497108407
-3.9998389292786647
-6.261771009733808
-4.579716760846018
-3.812792583983324
-5.119717564583233
-5.220334911451791
-5.137695213598613
-4.418695311217455
-4.319019898624989
-4.51699337954184
-4.721204456887909
-3.6967746121816774
-3.718849533446489
-5.2561054540251035
-4.07380722989573
-4.77426964050034
-3.8303609005547763
-4.120894844562861
-3.9602384860145
-3.7538868894753263
-3.693089738402879
-5.714221101412365
-4.770372675779239
-3.993643134035563
-3.9898425274336495
-4.5074069429695305
-4.537118103641963
-4.610544213219524
-3.8712520479865593
-5.712238144222697
-6.484942502295725
-5.632726747918274
-3.889875370751774
-3.697809290738051
-8.194040821817216
-4.491242507778583
-4.412116421614705
-3.7117646364960715
-4.0067559247017
-3.8766983397710755
-3.9014390129943033
-8.964090508558964
-5.416187452589815
-5.806832793187729
-4.128564780915246
-4.472442240374848
-4.447300392051332
-4.532168116760257
-3.520252889665926
-5.558230594082372
-4.87760563835546
-4.336254901246518
-4.01600133732995
-6.6142010744905395
-4.438960922413541
-3.8702148608817
-4.1366667512155875
-7.272658876485981
-4.3103840777139
-5.652248244407301
-5.631131756087299
-4.796549143700658
-3.7796791259231086
-4.08657802642078
-3.6823554027829766
-5.196230263176941
-10.922027598073553
-6.421289593982471
-6.85333164414392
-4.072425710253637
-3.687820626247355
-7.142778164450968
-4.135692739060547
-4.088951968917077
-12.596814580202363
-5.3526739901483475
-4.9179587769171285
-5.200702279838424
-5.095622028759478
-5.071269315996299
-5.005835615616435
-6.174186827053925
-4.807234242450977
-4.714515609262573
-4.695387191743544
-3.894450602309275
-4.119430254215385
-5.96684455460812
-3.9164141476403844
-4.1240273876625215
-4.509161846160917
-3.939386240389233
-5.102281291503624
-5.617369526070372
-4.886782907483952
-4.682498510680472
-3.9563987842103825
-6.3630817143877225
-3.6265068464442303
-4.609093363957532
-4.412833767335512
-4.36067956919659
-3.6840543624394173
-4.005649394864328
-4.996418399955039
-4.761911333479114
-3.8289935073909436
-10.309076080592098
-4.01692245773989
-4.870787951122883
-4.258517468095137
-5.571319866563116
-3.445874109374423
-3.982345860917105
-6.755358817979947
-4.296617508138807
-4.546259428006381
-3.8003361655740844
-3.698256274236649
-4.012892197605299
-3.8547954265083635
-4.020841388644226
-4.513980749614023
-5.183349141127007
-6.668932244879114
-4.103093486418428
-3.452501279289713
-4.862939281905744
-5.8713042916409455
-3.805383191212205
-7.595455639765519
-5.7623645389762554
-4.428920413578651
-4.891746673492804
-3.9405776399423122
-4.072014982335192
-4.144190910808229
-5.2056151945187
-7.514750704766405
-3.7187623236711644
-3.9678467660344876
-7.255335794682769
-4.5708283069403945
-3.7548973586779715
-4.204411482879852
-3.7728265429885015
-7.477554039634603
-4.2024690287378865
-4.798809214400635
-4.553065808536449
-3.8601115500667773
-4.14942533775986
-3.867656987106855
-4.697979602853357
-5.5801591892366975
-4.418653689287469
-3.548879963261597
-5.62443637076959
-4.019290800163293
-3.9464366983682138
-3.9635649330472793
-5.755530403014119
-5.802412561530256
-3.8322476303733275
-3.8524974777250254
-3.855051027782097
-4.088890028880549
-4.673227749422544
-6.6921179358067455
-5.127850412032115
-6.5496487866585715
-4.000019577127932
-3.9394868992147916
-3.7734643433210104
-4.492026294580105
-3.6395785336527133
-4.374063859694269
-9.74798054270759
-3.901985969645788
-4.3309493791951486
-4.791900665529343
-6.413629614039352
-3.7283116910901772
-3.696438563892628
-3.7519101046824983
-4.9473264320472286
-3.7718639746619664
-4.264903579377395
-3.7057029159097072
-4.120536193456085
-6.193447728494179
-4.046163725813216
-3.906745776508121
-3.5715545478410973
-5.856888718699743
-4.061911839664387
-4.001693046743625
-3.802842168922139
-6.351628129974541
-3.7762322909236086
-5.515981135989568
-4.045236022553726
-4.141106240471378
-3.6820274024307444
-6.07163357374507
-6.197418466204796
-7.36353263091779
-4.277722358124652
-6.045686454278793
-3.717367910962145
-4.992283532148028
-3.8902049909479817
-4.077919774936294
-3.7634693045773426
-6.9262902958868136
-4.3316074806521945
-3.9430915866999388
-5.974077196695456
-4.344288956583352
-4.17119837447199
-11.36689816469649
-5.2428105647558825
-5.083944631866479
-5.610879781165332
-10.17160141859404
-5.228863965664391
-3.9371476784274444
-3.726320305012526
-3.860877870443155
-5.193140181685477
-3.688104101425566
-3.539316868119097
-3.6852191000813175
-4.1073310478774125
-4.213342103797676
-3.986114280871456
-3.9391073539256527
-4.1808616889637396
-3.704369318235084
-3.939922738182623
-4.1058076381384465
-9.321643394498537
-12.775547170411652
-4.367929975160955
-4.209410368776592
-4.804657444538348
-4.0644089570982445
-4.006828163339853
-6.259146001160139
-4.151812836418521
-3.3754862755225776
-3.9265489177832387
-5.103377474907956
-5.52043841339929
-11.364760834661043
-4.000780016885801
-4.464306282996816
-3.7709800713073545
-3.8277343406790014
-5.438851116149655
-8.494442882197438
-3.7668596034218997
-4.059063766021644
-3.995411375606688
-7.437622540343828
-3.8821950188793886
-3.77444283748999
-4.15567208819097
-4.853628057216941
-5.731332533405047
-5.707854113822503
-4.854580382980536
-4.097286226433721
-3.8849200430450765
-5.030236728779035
-4.747630315976741
-4.0224012192171585
-4.538947514194789
-4.070965916625741
-7.551725207345586
-3.9675367747889565
-5.0641153603934725
-4.9149602337809535
-4.458663116779413
-4.101292331080227
-3.778651071542463
-4.163664881849322
-3.3883483895961195
-4.129326220224016
-3.8377869491611296
-5.325721928921824
-3.70006265120048
-3.5028984660367555
-5.042358124943787
-5.7290977479120135
-12.144268556074042
-6.086239376296686
-3.9529685321103214
-5.033008893507648
-4.524734233221033
-8.193111564315355
-3.753172924264603
-3.92738783728675
-4.789003097987104
-3.801294635425323
-3.8874085001763006
-4.827616261434922
-3.966734103144085
-6.477767331438254
-4.105877346134355
-4.654120859211153
-4.32489019717052
-4.55417416305684
-4.881088984821035
-5.458512216166029
-7.480413591550537
-4.123749920334862
-4.160773782123102
-7.214447114742411
-8.504294131309827
-3.886615474717575
-6.624786371183158
-4.83504207133503
-5.042699210205604
-4.741870182557978
-5.189570197814249
-4.8276183411941975
-3.840667757599571
-4.116731213263068
-4.307843049560676
-6.793484964631206
-4.010722153573293
-6.771060308387897
-3.8882414999896215
-5.759403713188802
-5.485675722863064
-3.7817883239375747
-4.015712761916892
-5.468613811677065
-4.785961593166198
-3.82966026761678
-4.362820845263529
-3.494546181871985
-6.8748870331351
-4.017098241413577
-3.6796992188746733
-12.192143200408056
-3.986848530290449
-4.652246684341112
-3.77889681093118
-3.945470592558458
-5.760723217674089
-3.8888776457369607
-5.249333482423737
-6.350524906484179
-7.7881474874808
-4.850793391638249
-4.914103437467908
-3.9399020683976973
-3.714618877109462
-4.526434983768268
-3.553445089708726
-4.438057500038686
-4.69930911008617
-3.769900260536314
-4.212839529028985
-4.060042062819155
-3.6316222074261235
-6.187463286058986
-3.5857275080559496
-3.8850056350152413
-3.7941984901842836
-4.803325601410032
-4.858640484670978
-4.176244091212755
-5.582931729534712
-4.239131193294976
-7.505197999423751
-4.051003878230888
-3.9941101912943897
-8.446376704369305
-7.981092020499425
-3.8616240300282985
-5.928749419629121
-4.8640197876064954
-3.87025012423056
-4.774996636007083
-6.423841092622881
-5.785403360191917
-4.094735636345418
-4.133717741321882
-4.12237356848563
-9.064181809038825
-3.9168779806557086
-4.4661194007421745
-4.49265638369022
-4.2141797275755275
-6.263516792979088
-5.120373946696989
-5.596114930669348
-4.583962103517111
-8.812336391248067
-6.047171879192007
-4.284902962237173
-3.891013796507796
-3.7900944504274023
-6.03103140409471
-4.15277394419657
-3.758408459432584
-3.929977324848686
-6.245854427179107
-3.9605138920052396
-4.792204660670695
-4.395394798479013
-3.9896302234987555
-3.944998572670711
-5.108368854741261
-5.647063091110605
-5.010422480662952
-4.143383055379429
-5.1176974226741505
-3.656738989306218
-4.108422852114747
-4.714140642580189
-3.7000351385574968
-3.995901657301304
-4.388349149121153
-5.408988234318506
-4.87731135127977
-4.270844350491596
-3.674022247983148
-9.136286369804658
-3.684252272087136
-3.8787229629877142
-6.4623841234714705
-3.9291123535384846
-3.387502748462614
-6.7171943322218794
-4.351693684990642
-5.260987337540672
-4.106712069314305
-4.884383062395142
-4.76467376009407
-3.772154486684093
-5.274223752068705
-3.779371760121789
-3.8602906279168856
-4.443668523007609
-5.665049163962821
-4.23974261787686
-4.031600819482712
-4.323420660787141
-4.09720171934137
-4.192885301864371
-4.147837335362434
-12.183225627258633
-4.3896095686552625
-5.228424633482152
-4.011478962479365
-4.343562266537049
-4.186284421423281
-4.2297271627626065
-6.4870266497514
-4.0347288456117125
-3.7847381365439046
-4.162806367360208
-4.084362875287586
-4.186153609583143
-3.840247054152989
-5.00042176096899
-4.10470177412221
-4.929582573502153
-4.927824966287355
-4.179550496612366
-4.220561489462967
-3.7768220318135697
-11.675378129262823
-3.737341075171536
-4.611242218159629
-3.7698713716873837
-3.5218909935174163
-4.989505708165516
-14.723454244171316
-5.398591379750128
-4.628015857842603
-4.603184445391818
-3.985419470470826
-4.057399726052727
-6.121393024752346
-4.860665907582033
-6.515324842479169
-5.919964251030942
-3.938367806747051
-5.995675086101614
-4.026323662799063
-8.395640059405642
-3.647599341558638
-6.899817010882075
-3.8698047330441794
-3.5546568160742815
-4.292048589325133
-4.780203374209772
-3.6735400579818824
-4.472997165883176
-3.783940527412738
-4.642055307623382
-3.9384744723015217
-4.914578816954737
-4.577648682961656
-4.064575807123728
-4.191163424461093
-3.4359957694254923
-3.9901127401195167
-4.33905993889683
-3.873492566838407
-4.214669039233985
-5.48910713693969
-5.71837699758769
-3.906849815088099
-4.31628554173823
-4.937069287401361
-5.977930636175627
-4.543076717698842
-4.344427956170584
