# log10pgen1mm
-4.471844266137919
-6.393815933720038
-8.052302114562544
-8.49261831981046
-19.103541209012523
-10.27169971190265
-5.891078112626877
-8.534900835025137
-8.993833390007614
-6.322105000557344
-6.078630738788454
-5.811493562848223
-5.299558631732993
-5.517611493480051
-8.006932036609527
-5.804084799830217
-18.089939955398144
-5.964933855573755
-5.750308976837215
-5.7567515426925695
-6.186157562890262
-8.631923272051505
-5.771547146142998
-7.257060651635786
-6.243339103605205
-4.844100018428695
-7.323259984548856
-7.543559263638101
-6.540584763099272
-5.537436383914671
-9.993681160095537
-9.53073059950003
-7.000891249847876
-5.663043615568025
-4.861114666649804
-7.422117048343501
-6.801142422035723
-5.597403171336263
-6.139407688420977
-7.965870388261374
-5.349783602823319
-7.290554372948105
-5.648798908508751
-6.8517818900765075
-9.501177877821577
-4.772340460726141
-7.782657861322826
-6.320577767089236
-5.861331280488177
-6.553600467739095
-7.867902188082561
-9.09398232548184
-6.68436098820929
-5.7808063206823155
-5.57663723026939
-7.5023760437735145
-6.321090719809431
-5.700983094933476
-5.449578489350313
-6.534121951239429
-5.812464600647574
-6.860483721744198
-6.992950360132213
-6.237740533186271
-7.469543864212889
-7.012070279304864
-7.561385480985658
-6.101299743772461
-6.6027393700726345
-5.732378369118877
-4.224551058065168
-5.530313419290771
-8.115193436793561
-6.5647936202580075
-5.783233481719523
-6.3852538194688995
-6.755603445236856
-7.439211877528516
-6.54731324013149
-5.031459230890703
-5.630338626014199
-9.83882574567485
-5.933563932179205
-6.590156756176832
-6.362894143491933
-9.676316305768172
-7.344961935737953
-9.463100347694464
-5.142621370604991
-6.28706977198568
-6.248961586349073
-7.518148947669228
-6.118135796807222
-5.2745538877334655
-4.187607032739047
-5.222592121016691
-6.236710795499039
-6.244538805792663
-8.105205929531786
-6.957251980702084
-6.649946589228477
-5.226260852626452
-6.25541431164481
-8.342922093949765
-5.541269061611061
-8.106764312339383
-6.658875067637202
-5.481948286816033
-7.180341316339768
-7.502487287308235
-5.995280342881298
-5.00449606650081
-6.381692238081013
-8.283738482011815
-5.984531490786273
-6.209030649382428
-7.24837773461492
-7.9547043630676075
-6.3774475174228655
-7.578155958668563
-13.24177390638454
-11.223271504924433
-6.985391729070716
-5.959135213676545
-6.126831009729395
-5.12648536233253
-5.866546866968553
-6.4219093807120835
-5.215142235299165
-7.832797704519023
-7.158363401229919
-6.567518531148973
-9.207028105297182
-8.368607024638296
-4.758535095195504
-7.104351976561444
-6.7328117041065605
-6.613879655972276
-5.348950193914202
-5.5267158267495216
-5.38868765155795
-6.296013086308901
-8.24517480381213
-7.451060245096077
-6.585955379558363
-5.079955739215868
-5.764720094307277
-6.340726365719013
-5.388786392375237
-6.551205224944406
-6.266102076992694
-6.1737831889383985
-6.079187722835523
-8.448465087258937
-6.25909011949624
-5.960296509870899
-6.273773221118418
-6.236508971103549
-6.700370349226763
-4.80404098867041
-5.838762019728176
-4.351358956721423
-5.662363077304892
-4.722598041733293
-5.5427279134466305
-6.787426785011416
-8.40462890251196
-6.602752352929041
-7.7670105360399875
-4.927305918087457
-5.735829646960439
-6.734052385871858
-6.223617851718526
-13.535563918815802
-7.30746457632878
-4.939858528338316
-5.734743627614549
-5.63410565105414
-7.395336855657542
-6.740365878247657
-5.309338591277058
-4.765060739045205
-6.116180205844033
-6.857447732523732
-5.515673885690088
-5.561011019667134
-7.469721176059008
-5.233457264951188
-8.692326150984172
-6.01082583889655
-5.61256266136911
-5.910796959245036
-10.273904555282256
-5.745727694098278
-5.498069359718639
-5.302245346809381
-8.759109393746096
-4.597701435601822
-6.3120385091718765
-6.740743945352364
-5.780794074416146
-6.01721142227959
-6.964164627549311
-5.4431859572614325
-7.113558820204867
-8.17978754888327
-6.476933855221512
-5.1468449748650995
-6.141724710719784
-6.180356846791802
-5.158542383008502
-7.474395115420831
-5.01712933970981
-8.560818013451934
-9.153759344849334
-7.9235505968832145
-6.0420851929670425
-6.343191152076079
-6.056736538237777
-6.333549881235056
-6.027722976314736
-8.535128614922051
-6.87467238405001
-9.969330483386633
-5.275856450633031
-6.891794587811488
-4.976082306182083
-6.8949276817837655
-5.74468762497552
-9.312691213226485
-5.630576488186939
-5.3699831730298095
-6.861749991514803
-7.138212185039552
-5.84843169709227
-6.467709155864502
-9.809102573625006
-5.4919604445608
-4.788927303705575
-8.419235432608303
-6.27515934333863
-6.667808131420333
-6.104245847337265
-7.42531102666697
-7.098070285327903
-6.502628089955002
-5.852198835270711
-10.34586228864013
-5.808333701375145
-5.740185101875185
-6.180617790687347
-4.846055593749546
-5.654402183309694
-10.962221679285413
-5.294677079337405
-6.711839544070068
-6.767786817034496
-6.706819078986605
-5.86634921641483
-6.016317670786532
-7.79408615423745
-10.106782371715555
-5.959554593505503
-6.874361344174227
-6.673138376253841
-5.618212797000588
-12.499893802025932
-6.845640487758736
-7.666165385114582
-5.4440457873530645
-5.52945144947052
-6.453385641215533
-7.723087547310585
-4.788458568382082
-6.815804838139011
-6.797195766710049
-6.263449784515198
-4.6504515238893775
-6.271968203561992
-5.306081668233331
-6.790141583933744
-5.177024077959647
-8.414339471615527
-6.319163986119761
-4.898837040220701
-6.862206069492727
-6.713994421543843
-7.043098766913672
-6.050925105037692
-6.407970722446586
-6.164387049633347
-5.261995994501326
-6.457273119248463
-4.689226812181511
-5.400566722703689
-5.145104575019808
-6.5130004430733575
-6.451237051289056
-6.5441495700284955
-4.9365128248593955
-8.57596113104314
-6.0273869172360515
-5.794664959473139
-7.339268646802012
-8.76526209284994
-4.514873335503999
-5.59493606856058
-4.289896406963937
-5.371419717752666
-6.733153407929359
-5.5421024470294045
-6.619044438973271
-8.731078858091081
-7.854606961844108
-14.39245051935152
-6.485710969963722
-9.308298730770334
-8.493100561450198
-8.699142333827307
-9.910600320366953
-7.287567765640088
-5.205654864463534
-6.649307144202279
-7.34258908183098
-5.16483418067757
-4.971599942439944
-7.240108328679949
-5.056356081927609
-6.0760857594753706
-5.636069092932438
-6.1214225802260085
-5.7904619916889875
-6.132110111548213
-6.09146468122906
-7.375632921746656
-5.31949840411612
-6.032473376877604
-8.066004363416775
-6.991570264395034
-6.011168476330729
-4.999663890721338
-5.873705805341165
-5.903866852557463
-7.644448176362847
-8.162591350291672
-4.83206963171217
-6.6706362628950355
-6.6641947121737815
-7.0729541747554965
-6.752317070281087
-5.8454910661322055
-7.0372733715929225
-11.473738198697154
-9.873160005203028
-8.731915340029602
-8.29720394419365
-6.154761051606446
-5.515089588127494
-7.890644057939731
-5.957400647078181
-7.4869117737178
-5.443275712447999
-7.175855058646406
-7.49009676887989
-5.346284703390549
-12.291168675394404
-6.150964960666439
-7.073435604025502
-6.458909691120072
-6.337536937885999
-5.949105700643165
-6.683970103660876
-5.885917314645551
-7.407972175534387
-7.1242651938777115
-6.27772991119357
-5.078343571700126
-8.036677601270101
-9.04733090388425
-5.570043306117466
-6.465175283385351
-6.736289942870841
-8.45860271593718
-4.726553526730044
-6.645544649239396
-6.210761487517389
-5.303048598900073
-6.621411010766667
-5.979283341681432
-5.48691924257333
-6.519108499521971
-7.904203632598142
-8.414026489173777
-9.005083216271242
-5.664400853372822
-5.798786271853669
-6.438343248852815
-5.434243334121623
-8.18748327508755
-7.62474733989488
-5.9204105789737085
-7.367657223915108
-5.1763566796942895
-5.657393147157711
-5.9124832620278704
-8.471495785309937
-8.431712991306929
-5.427908051744657
-5.269199296164439
-6.257001435819175
-7.148331226673066
-5.88050772807608
-6.956268660103362
-7.514677572128175
-5.714485919196306
-5.522228052913958
-7.595760153867011
-6.78309186763437
-5.230119851167207
-5.449281748064522
-4.866440931266908
-10.468943253299306
-6.287171264756841
-5.9388196935815145
-7.02587152351643
-7.671706248748596
-6.704275238522023
-5.969110871629467
-6.6485605876239395
-4.992862213386476
-6.135096884642549
-9.880304210710962
-6.070448796052776
-9.153489529107484
-5.121691977356798
-6.8194627340049365
-6.546094767525455
-7.768079699669191
-5.476268397961609
-9.96584338667127
-8.573105438344049
-5.731881343888748
-11.68508250410376
-7.378301521354211
-5.185407008737516
-6.720070382331471
-10.701178352681092
-6.495725516382458
-5.879600985011838
-6.398138957388642
-4.839079879312182
-5.3817258789526
-6.517255203784575
-6.242743211455191
-6.149035313595559
-7.371806338014959
-5.808304599063093
-6.5531735837491345
-7.3277324864158055
-5.735372790756778
-8.981987605628117
-8.512926173650875
-5.761247573078752
-7.935299837415361
-5.868077035493188
-6.368095028127739
-6.454307240245269
-7.198666799296204
-5.784657139217158
-4.203592737675762
-6.729842781285856
-6.134499257329214
-7.607277514710373
-5.974461132624275
-5.273358292644252
-5.847148429872036
-8.170166714521839
-6.102019395505679
-8.588825562982901
-6.227598656636178
-6.235315120557304
-9.240451238681754
-6.139997426534064
-6.245688640957614
-5.4222991049600315
-16.075555275169524
-5.174635191497829
-5.956475625181526
-5.892584981024134
-6.445247571161095
-5.918572051180775
-11.15277024531437
-4.617065238057428
-5.480524963039533
-6.732685082373438
-6.795534105868098
-13.485833635734057
-6.935617905004946
-6.877864409357393
-5.935032877364084
-5.81535054270357
-5.715440480149756
-5.100992574858721
-7.354351722663913
-8.257706274908523
-5.644706345322386
-10.349758942516969
-6.277252237428665
-5.3784052832821425
-7.097918512795353
-6.6731096952866125
-9.074177808906978
-7.061016045214452
-6.5759867654753155
-6.00165115646815
-6.141341706163961
-9.098082409614817
-6.07829268259404
-6.232676761484521
-5.614692011720067
-6.652868447929015
-5.46813603638257
-5.737841407989869
-6.373766969689546
-5.50471142597081
-5.87561426150822
-11.783494889481993
-6.519818885436167
-5.337659700435885
-5.832151047616072
-5.709106792485462
-14.351905947623871
-5.636545854533123
-5.741347959535099
-5.547247337325376
-6.9967675586850095
-5.5938670181046755
-7.061206347478053
-9.619727536910153
-6.675253693556929
-6.412228772740711
-10.0067089560423
-7.593340962866691
-8.765738312671186
-7.46234136016508
-8.150148128043243
-5.8820352792615616
-6.3525367901789584
-13.106958755656139
-5.409648389170536
-7.717458844345611
-5.209400266661513
-5.301888671476859
-9.288838087231765
-5.7198954314617065
-5.309101760877302
-7.051987304740075
-6.779790404144965
-7.155259411946509
-7.250157277563713
-6.205283481731957
-7.192375490656989
-5.299868972422511
-7.7608614647194765
-8.212884775067863
-5.814027199175099
-5.873374850540839
-6.000377032615522
-6.089775726555546
-6.173618137002383
-6.959737707541441
-7.890862095867241
-8.645530435569787
-6.321647759256054
-6.771159636234156
-7.348795583768319
-6.912993290878124
-6.939363123683752
-5.616993403088796
-6.591001741797031
-6.137354325660612
-8.173307562494276
-6.2013329081358854
-5.981474500908423
-5.4064558037465815
-6.076195015865428
-6.8070588283015425
-6.357513087753917
-5.819322755495978
-6.446252176191943
-9.009512189117638
-5.663436122525304
-8.780441492243272
-6.507690130883178
-6.4409224666193
-7.121557504400101
-7.091172775193267
-5.379760176266669
-7.1982837824506
-7.2075620322202765
-8.432211542740246
-5.039350149282109
-5.978725549540806
-4.378720072142952
-5.23355750023446
-6.309906835594405
-7.031771936169567
-5.249531386988855
-5.5614262015029166
-6.309645743340544
-6.107047451385766
-7.812865687136289
-5.801118121295991
-5.417695955523547
-5.765240884588625
-5.525555016840027
-11.989203446577854
-8.293997048540747
-6.25162782482834
-6.810808915669131
-7.8092854590998755
-6.604180113479864
-5.0175007453209775
-6.320067519042474
-6.442793167505275
-7.010873977311177
-7.510629726844855
-5.896273920847839
-6.847581030777828
-9.862559482785676
-5.441369823500505
-11.222945213997592
-5.5305244910612865
-8.17591470716956
-5.238011298386082
-6.669558773516168
-5.3705671070599825
-6.586560047907096
-5.113923119087722
-5.542407914385442
-14.283176223430567
-12.757485691011716
-4.5428488015926405
-5.438194917593854
-5.610420589852043
-6.349061035444449
-5.28355123848149
-6.941498486435663
-5.016064210005043
-6.27958853440495
-6.887714969776891
-9.367006852894775
-9.731567054368742
-6.667705773577007
-8.733793010499289
-10.031701385142233
-6.291613517486294
-5.636508528859064
-6.382908301715627
-5.448790551722234
-6.144911286491914
-7.69762334419539
-7.046468242623263
-11.370939961322671
-5.875790474891072
-5.762137076156033
-5.415869708134806
-7.286363746610658
-5.4257989550176235
-5.768440835005177
-7.786081614252757
-8.383676593786593
-6.080613664996108
-8.160489520584711
-5.627322593907471
-11.287022544303277
-6.276782103264531
-4.514450378804712
-6.2198416110820345
-5.410165370441077
-5.302734784155486
-6.29370317277746
-7.5023791518629
-10.519880108930787
-6.96674744564602
-5.670352326827761
-9.3550489328356
-4.151768350543589
-4.783761240145999
-6.107762577246787
-8.052224903882282
-7.071256866109336
-7.068292425032418
-5.262683427956815
-5.0262138876621965
-4.934695935272126
-6.883149796698059
-5.343605790347078
-5.099124280754595
-5.810404322796029
-6.6991068701566014
-8.401548837711013
-7.191835241027434
-5.616076428193271
-6.898656389063706
-5.412247377334623
-5.2916721331214935
-5.902712998435723
-7.028643436009737
-6.264740149263585
-5.814537177439318
-5.769189631012362
-6.184898471899647
-6.118914630273202
-6.128172873001516
-5.925850389825453
-5.19766971934023
-6.321849739706112
-6.9633758534270775
-5.169211207565464
-6.147163585969844
-4.9759206339834305
-6.493856642320031
-8.09654614204862
-6.079998285899076
-5.003849278588448
-6.498470522845691
-6.067273676080881
-9.478824275648668
-9.937089975747288
-5.839274494797723
-6.010354063939955
-7.350700051944871
-7.51383106248702
-6.445770654232686
-6.194187046437147
-7.310437192770312
-9.790257081386752
-4.603569281100829
-6.993501567302763
-6.731214357666198
-6.7009367242582805
-6.14019391457749
-5.441553009760258
-6.432042385064247
-6.041704755778568
-5.461566959809448
-5.740127169640547
-7.345753397386512
-5.320893693649139
-6.362461781990417
-5.959586470595416
-4.593893347819761
-5.4365076162633255
-6.598325376913649
-6.094018409345367
-5.0203046790562595
-5.139640759928105
-5.639858173087293
-6.034567027332795
-5.86693355357144
-6.035531156699279
-6.843462881601626
-5.592301099979519
-7.360764422557345
-6.911820718864032
-6.948110527392248
-7.0713014686646485
-16.162287005608647
-6.654550367892839
-6.421083775640098
-6.032615776621703
-6.557853498242489
-5.251563009119013
-5.774766951542314
-8.593833873746751
-7.603153667445978
-4.77517494504246
-6.796548414665076
-7.55846703163294
-5.7448752475447895
-5.737670784794496
-6.828926891756088
-5.336658144131612
-6.263545285985897
-5.710167334449226
-6.5787433539033815
-4.868915681357867
-6.615795453518375
-5.718744984422656
-5.569283652302071
-6.651207648002495
-6.99026841759645
-5.892334503667362
-6.882918709895181
-5.652331816508939
-6.924003825668874
-5.45466533240588
-6.833186190497558
-8.24478667142827
-5.522578254157989
-7.065067472273013
-8.693224992422966
-7.592007172824995
-5.736780560728162
-9.58602620625398
-4.8605350871282065
-4.757601930990778
-4.975402696329973
-7.745728394136756
-6.252062914828961
-8.122690805422614
-6.245847593509758
-7.620421586591275
-6.526822963393043
-7.9495342895986525
-6.870503279400263
-6.399320492004247
-5.641622566463314
-4.853101447296748
-6.810346614973496
-4.784281104978025
-6.710788699344837
-5.797782040125097
-6.346396014865231
-5.043135159821821
-5.635871326527829
-6.416316516859221
-5.41383318384517
-6.263307602150017
-6.57600573746671
-6.2323846140596855
-6.3650545277330135
-6.337397054367395
-6.232833289309705
-6.426381083753708
-5.921815471316608
-7.107688209813298
-5.809742629295067
-7.66688616717833
-4.820459163848471
-6.046556777301159
-7.2499541007127535
-6.328785262403176
-6.2478347140842585
-5.435701086506366
-6.280453578531734
-7.146710034465566
-5.812336070462748
-4.447930371970749
-9.519316504957269
-5.743325216505281
-8.681926069413983
-6.915288965915044
-6.343591544862025
-5.999758214551196
-5.539743544294427
-5.576405832144993
-6.193667432214964
-6.3701411209212395
-5.725646923847554
-7.784946073471488
-6.885130488184706
-5.51273471134834
-6.646877774882846
-6.0596574910731915
-6.900360827644985
-5.666166497243318
-9.063799026609429
-7.66687155675929
-6.623880818658127
-5.863626648956295
-6.343358564046142
-5.193528862166563
-5.533758583528187
-5.490593659126978
-6.358243839981297
-4.730137744753226
-6.6435542289728655
-7.130505460007693
-5.801058291876176
-6.883768719473104
-6.035494985176685
-7.819770823925441
-5.748238570971768
-5.132727361169565
-6.752242916386417
-5.493399102432187
-6.025072474345223
-6.729326538871596
-7.712574070538736
-6.0116284962058115
-7.473877079673576
-5.350136203019399
-5.702375514435525
-5.639339142496177
-6.552815378990237
-6.284096958807541
-6.239359925292801
-6.647602623797666
-6.268136665889881
-5.805152562343587
-5.89326967527756
-5.054869141543502
-5.396056219166322
-5.901357491686841
-5.284337407087914
-3.8266124381265
-5.092543376114336
-4.3774427900396615
-6.234492773427104
-6.075750828920341
-6.120552521429286
-4.790736451851111
-6.052970461118966
-9.036083767781317
-6.862953147122503
-5.712515217347672
-5.985523564809125
-7.881629738113541
-5.5813069788501375
-5.657109470731857
-6.031181288465023
-5.901143363980015
-6.0970271982981
-7.478206985608025
-5.70475445841454
-18.084194631089773
-6.547621878831008
-6.15275055114555
-7.366163529863606
-6.324420847219379
-7.469359627785561
-5.915507835404092
-5.098629166107932
-5.416537492514186
-5.373827048975772
-6.4246107044847465
-5.885501961392864
-6.924322267614136
-6.00801742216307
-6.337157177683225
-6.522643495969509
-7.117512598824567
-9.48508907112658
-5.716805760866137
-7.876467404588111
-6.333921622599885
-5.7312983378744
-5.109153966653679
-5.710888475585196
-9.503296232868323
-6.093985127058442
-6.081659753893372
-6.003351384595105
-5.718560235683446
-4.788256085631904
-9.527840638179537
-6.210109746056167
-5.6925831392225525
-5.52068961498549
-8.368059754508568
-5.156549793791959
-5.512589729716645
-4.804860603059162
-5.652213642838754
-5.234289513860161
-5.815980668015544
-6.524497342887949
-6.2617741487946486
-5.822248687453012
-7.174207926881528
-6.814945347939465
-5.1216460667859955
-6.118199543814317
-5.763410216492993
-6.621533430967842
-5.497574526594313
-19.539041365238933
-5.801832198551824
-6.818741355957476
-5.208588962202309
-10.458691530556747
-6.298491038793369
-6.324304861524446
-6.151501741143241
