# log10pgen1mm
-5.310916419125315
-9.673208854962459
-7.372447942362473
-5.754801598720221
-4.733506807093137
-7.559906859432853
-6.080693355281382
-8.187197955221755
-6.9916473924743485
-6.704826749025155
-5.33051331212888
-6.2240992839155265
-7.807164785274413
-6.281154081578645
-4.7467285030278115
-5.580194523603199
-7.8192673128644
-12.790818044501417
-5.970544824368808
-9.132658133223035
-8.482854081370624
-8.855062636674054
-8.678998047966136
-5.117624840464471
-7.277767902776943
-9.878508342129587
-6.66311418277783
-8.927698030073017
-5.488508737032148
-8.115910809393284
-6.658553931977831
-9.55687127030856
-7.1145521783717145
-8.228705903769955
-6.479228470096985
-7.763197996044492
-6.527161659888792
-10.295243788668389
-6.4385168909068655
-6.232775467296497
-9.320866740266512
-5.926189147569038
-7.628185292117742
-5.2613355008147975
-7.560300189384918
-8.166342719762639
-7.606635873712927
-6.871287899250493
-5.433920910417433
-10.233335418630828
-7.817653610302687
-5.115657029228209
-8.28254449884744
-8.484788072915054
-5.8716054409593434
-7.588628664310011
-15.346540238156482
-6.2804085806690475
-6.704166569390467
-7.04348300183692
-8.126934917563405
-7.1534043354774575
-8.424540854745086
-8.50453354503035
-8.799171866914651
-7.049546986951487
-5.6418658249000355
-5.504702758173022
-7.559100605170786
-8.369016509055532
-5.4457760461724645
-5.317889443574825
-9.013644641885282
-7.395346262319113
-7.2970431167262095
-6.31776047258551
-10.68558186132126
-6.304745342336636
-5.363850068070213
-6.292482996389507
-5.112460776173495
-6.451561849388468
-8.296229925486927
-6.639767913874104
-6.678862289864798
-4.940180492421095
-8.692292434553702
-7.743069475899264
-9.998628363138458
-6.385378199927442
-6.720692217380302
-8.166949827988663
-4.784219842748341
-6.124945398992554
-5.262616857259388
-7.40232333469096
-7.985012088953869
-10.048416670962412
-7.949860616080722
-8.923080130367907
-5.888198240462824
-7.9056034416459795
-5.524566791511181
-5.310337162214162
-5.745531526298495
-5.614959511216021
-6.593147120462788
-7.435269634779498
-5.796829603161811
-5.432731919706709
-8.301225903517558
-6.698998255732069
-7.458378578646897
-8.600807907093603
-5.524168180059516
-5.760634399528313
-4.694078780584444
-7.445223957205232
-6.366825413158628
-5.797735846860871
-6.546870062719275
-6.575308794841602
-5.476131586338376
-8.07082486790553
-6.716142148897
-8.128935727950555
-6.192548077964052
-9.002396202550749
-5.958168098505157
-6.174781541264922
-6.4552137941852825
-6.622988601769832
-5.287191847103906
-5.68677370980762
-12.630522068483867
-5.934363245221451
-4.7605775344796735
-9.408313402921596
-6.669340956760945
-7.320453829184276
-5.42626892683603
-6.063009703858661
-6.572936841768524
-7.937065523933113
-6.529003915467283
-10.736842536084591
-8.360482342697102
-5.4440245904715425
-7.138907661820992
-6.589145319908995
-7.519131494539097
-11.442785741271765
-5.584846054432067
-5.887959537634579
-5.387693459211015
-6.252911164844279
-5.368057699484347
-7.528673016155744
-5.774475528935307
-7.8064120997530075
-9.174698295531911
-10.526155098333666
-8.718540170960537
-6.4168322792853285
-5.46422360739697
-8.23869610336486
-8.325565611474337
-7.121390137089847
-6.286196835047981
-7.712634160741816
-4.75855852210108
-6.490294172023218
-5.9161528187110015
-5.527050906400787
-7.305970896390534
-5.954949961021739
-9.303535155128056
-7.275189144483297
-8.025529426131815
-10.484715851727568
-8.97461911985998
-6.875091308013888
-8.862938568635924
-8.3262015782474
-7.565641036286489
-5.756176662541334
-4.629828698601452
-8.086095038683306
-6.915574067220587
-7.163051608930077
-4.615769772250916
-7.877970108508483
-6.139258506847776
-9.970130273533481
-7.374936217987072
-10.491830576816474
-8.12892527628468
-7.011501603701095
-7.291196677280662
-6.233934697810531
-5.988514441163394
-5.978013989857269
-6.59299974341269
-5.8388383525591765
-7.35373338716586
-6.119547761123716
-7.417050377211587
-6.917455857717512
-7.583931612897632
-5.294597505817888
-6.124199082777656
-6.366402354215403
-6.0766826557129425
-5.792769729576245
-5.928009166649541
-10.55855330213269
-8.14806970157182
-7.717826012525863
-8.005848798124253
-6.3776517233771
-8.129119893496258
-8.389708585761278
-5.628108342662314
-5.814791999940871
-5.214812671823909
-7.098180124569653
-6.0511373417120184
-7.019726343751828
-10.699960341549701
-6.0786039784798085
-4.849870744553401
-5.90727319325207
-9.452012770706
-10.0686075138872
-6.569675246320289
-6.142157456062527
-7.815663748820863
-6.2378483257901
-4.776319090570918
-14.904897503079319
-7.634088834289925
-8.559806899702512
-5.825893138311279
-5.612983135921536
-7.371789403519946
-12.672803475196721
-7.786960641237319
-6.18313766631799
-9.792570067165222
-6.127818168404165
-8.315034364460761
-5.335328716254312
-6.33269430548133
-5.910948962992561
-8.28412379333514
-6.97733210314008
-7.50241448301719
-7.035314805006639
-5.940123412487239
-7.319027445236324
-10.100393232532634
-8.649415208497196
-5.073267197429016
-6.035042223133841
-6.917311709120676
-7.332317261099122
-7.409448310523772
-5.63118911173175
-8.212766706518035
-7.9535775562674385
-8.195150863413875
-7.932412767174721
-10.373232441818882
-9.410561902840572
-5.569115367108851
-6.371242567512783
-7.198654080092076
-7.134629560738234
-5.689432021134164
-6.242172886857815
-5.201181741041268
-4.623671280868006
-7.048872074390668
-8.550897283168359
-8.603296016121838
-5.757544544670249
-12.67775468680917
-5.562919789881647
-6.1047566965294
-7.574979197365777
-7.714249193893403
-9.012496317848036
-5.790911828738975
-7.342015731237378
-6.303991501090413
-7.478282377298047
-8.061109047873918
-7.429749622862788
-5.49961528062253
-4.971013301041045
-9.152562219430425
-5.782530856961936
-5.947276639431373
-5.799689170023007
-6.789804915781399
-6.5785565429760355
-5.724802195691928
-6.737772052223854
-6.577743117223155
-7.528487510821018
-7.8716074696647915
-10.822742983072523
-5.465713127246916
-5.8935723324044735
-10.966552296962405
-7.2941414811033685
-7.634877923573661
-5.251414568226976
-7.5505703990628295
-9.231466560472791
-7.093197626314883
-8.246785224602316
-5.9723649661047675
-5.452491092168114
-6.917802443361713
-5.972188670308154
-5.347321219401296
-9.130039420966565
-5.217351638005614
-6.38682931624873
-9.763386727076561
-6.79530830417594
-8.081105622554983
-6.648452684817544
-8.006026682473705
-5.178473374149075
-5.593580308264852
-5.643040783598574
-6.7459134763033335
-6.546318841219254
-6.383951584778599
-9.993095898614795
-4.741827661464763
-6.681299928282665
-6.492878232309965
-6.08026159238574
-6.7601622786455255
-6.65603485211185
-7.112340225309847
-4.973560875984118
-5.694943244185152
-4.900102541442099
-6.315529930323291
-6.794347444514063
-9.955153356178183
-9.353220625829561
-7.250958587863489
-8.091168515004405
-8.194666163195565
-10.38791355822768
-6.360393056455684
-6.317464101202047
-5.6967603216678135
-6.229053858015704
-5.450691660762343
-7.1100722090836275
-6.721106191686292
-6.57575871582275
-6.898331981620883
-9.537859354065379
-6.457056024910584
-10.55463979558474
-10.348988658638197
-6.856180307174941
-5.66073992636345
-6.248710237575049
-5.116040066776121
-6.217456778977278
-6.417644369051384
-7.296302730810103
-6.303436820776336
-7.0932403828938
-6.038783225413284
-8.700740406970182
-7.585472396075667
-9.084567252249133
-6.964096900222356
-7.052341537593954
-9.021937577554134
-5.929399795047537
-6.668882200623988
-7.189880916767658
-5.472764451070889
-4.936571661478139
-5.108480136798423
-5.5673370994060605
-5.651604361934105
-8.098516182310334
-8.232679975286368
-6.563095806096841
-5.227702940693539
-5.44248614952729
-6.679238352458622
-9.301639017787972
-7.433856052269779
-5.471106602660975
-7.21817161510196
-6.942920010391302
-5.814748817444057
-8.572354477393302
-8.332890296821121
-4.540963092253782
-6.275656416184325
-6.990959245511931
-5.0217552457306285
-9.496022530034473
-7.1745070136257665
-5.9482103786149265
-9.810603524486694
-5.413326172695725
-6.664369075023925
-9.54349409933333
-8.670744627444677
-7.5053780228588645
-7.922459155635464
-6.444598484155087
-8.416962343867494
-5.573059439788995
-7.3395331068001815
-10.330242315482336
-7.290501743180819
-10.577599517402053
-4.791528997596178
-7.064169071444479
-8.508401655617869
-9.205099767079744
-10.121333138143525
-5.368345320426572
-8.682489131657684
-5.855427837012182
-5.478732650012498
-8.60519477023817
-9.417699431577002
-6.886725441670269
-8.50351538373491
-6.288641936774158
-8.466470277078324
-6.655490860695754
-6.770779074445308
-7.7972266904379826
-6.0791704650819325
-7.401506586765699
-8.655065918282192
-6.51663822530809
-7.291043794761634
-10.548471570329584
-9.17751584648244
-8.939142953992096
-6.8887551981615
-10.449934366302813
-10.549507718104309
-5.504625380178906
-5.180550650028055
-6.0824121921510494
-8.563200766990608
-5.468814886206284
-7.838795031881517
-6.013120727413354
-6.792448023822128
-7.132910644436982
-6.406799244562078
-5.9094051001975325
-7.3656709644775935
-5.437354964446162
-6.336575689865728
-5.44304830856303
-5.759562180379108
-5.439348824704911
-6.187872609538789
-8.830422213459885
-8.215098856958452
-7.920777990151892
-8.47957122235218
-6.420131687291593
-6.856933747239534
-4.773381813076993
-6.359747227430501
-5.539816891562194
-12.362939697646333
-7.856209375754309
-6.991913880206856
-8.987386718344359
-5.789322095212936
-6.094927820772656
-7.559680240137771
-8.10646361906755
-7.87444685344738
-8.867849957690815
-7.805962768002241
-8.301379184206484
-8.870152585467958
-7.035540426706459
-5.031436338417161
-9.605790733950565
-10.184303467446183
-6.307185638003565
-8.340500821492368
-11.37614923541447
-6.445476181624374
-11.135498650509636
-5.900473184883131
-6.656638632228572
-5.5712456867216105
-10.987934267022986
-11.350009768224615
-6.763428648672066
-6.22120511977327
-7.054609166787482
-8.425836771521158
-12.248330778195506
-7.853859612521946
-6.882069522489334
-7.92477721789216
-11.323319722591425
-6.468153297848122
-7.550590057605607
-5.511370401117542
-6.503965824393082
-6.085386743812242
-8.260690958968869
-8.822486965660794
-6.5625053509696825
-5.203167525054315
-9.51515636976384
-6.327883835736829
-9.370640181148673
-5.976119954169781
-6.3698944443747045
-6.562179446465248
-9.360996849722019
-7.965570554733247
-5.169601384540895
-6.2640693010211566
-6.007805748108224
-5.628520194613024
-10.281071317018542
-13.545602948128543
-6.1271378518116455
-7.227455014109618
-6.687810309430467
-5.004629250558216
-8.98096494091949
-6.577578294075729
-6.386812849239818
-6.473408969221064
-6.902443289620993
-8.995276940258131
-8.806415906739584
-8.213464385428454
-8.730454921911624
-6.623238188823084
-9.353683619009201
-5.999345709106795
-6.6122383379121
-13.135136621201347
-6.770380926847732
-5.513634553894648
-6.5315472732498465
-5.500767297828191
-6.852621746732672
-5.438807726241841
-6.261565073457447
-5.794579203981006
-13.585547214984635
-7.922067370904103
-5.971721915023109
-6.808420998028056
-8.563633751786348
-6.315441657309901
-4.930713408568871
-6.3744774162693
-5.757267555088881
-5.647633346125016
-6.676038905863329
-7.624853233690169
-8.326701399198749
-8.273324366111504
-6.942935179492384
-17.610944843779293
-5.890092635135813
-4.815572261998487
-6.473612150560521
-5.653117342556191
-7.516976723676731
-6.048399818492503
-9.400524640225088
-6.846215288615808
-9.075370765472528
-6.110042739385558
-8.984096651392303
-5.881641825179047
-6.085239835524823
-6.282496396302943
-7.14301099793837
-7.625323212201966
-10.305053083353949
-6.938328433989944
-7.409267863626691
-5.3153853980787344
-4.8288617892512455
-8.913568626662537
-5.737183444255644
-6.281678304808119
-7.103117347095244
-6.7041655875190065
-6.091230297194308
-7.127784894025395
-6.852374663110012
-6.427207015785896
-9.702278364559277
-6.8686715647323915
-7.697319014919821
-6.253207352588957
-5.208843900116156
-7.678478825820644
-9.985619224771886
-7.659640675114948
-5.049895048762741
-7.610839006393749
-5.15306138145321
-8.025374353197986
-6.04390253725155
-6.4075793574858135
-5.708578282566051
-7.08154870216884
-8.744635789348463
-6.46344138067501
-5.645940225281371
-7.6061695903340345
-8.142837064497412
-7.24003865113945
-7.451938691124727
-5.150928144135489
-5.038564394096439
-6.09215059350306
-5.309933841963327
-8.690805450645435
-6.093946367718485
-8.443189704431624
-8.117462292754576
-7.045381511473758
-7.051306423099652
-5.268181323223429
-6.7222181877968135
-7.2754065269544865
-9.982452548065673
-8.41975274757046
-6.660641392499908
-6.970562849880582
-7.29825381131343
-6.859930249057215
-6.611979198867186
-5.677404799051083
-7.1683872881373185
-10.040453474512944
-8.40651670767823
-5.9689098767681354
-7.705445526672062
-7.3334006492259185
-6.139405070973196
-5.210981907442452
-7.928132043640877
-7.839711346862921
-5.789304574808656
-7.405987325880485
-6.749210261706127
-6.57656784266913
-8.940760124663665
-8.963847112767988
-6.968432390618894
-5.279117849681758
-6.772664836797047
-5.8596748031202335
-7.334732433419464
-7.1604038062466895
-6.165303990979751
-4.846110288641641
-5.144202028455335
-6.473507979373723
-8.225760624852276
-7.840536340669686
-9.153052962914526
-6.205685329332176
-6.1288406636365425
-8.559631956666614
-7.037455222332647
-7.309379443758254
-6.164764394193302
-7.571277383740817
-5.6460339957253245
-12.316243287783914
-5.668949401666576
-8.15776189161728
-6.916985033179601
-8.847327706402286
-5.904171433983695
-8.30198596403828
-7.3840147907208475
-6.322414190282835
-5.825012688380261
-6.893154129234505
-10.942071131674052
-7.134199510572437
-8.11292325332983
-5.345696737741813
-5.269535999984066
-6.424261063472975
-7.409694731229602
-6.095501384271678
-6.040735681487337
-8.656207891115802
-5.844403692276951
-6.585983809749299
-9.203643455553346
-5.97456029930007
-4.747222066368384
-5.102270623908247
-4.6651087140563945
-10.053746122414902
-5.331383060060828
-8.098331756358549
-10.033851003428268
-5.606060315616165
-7.383456928491431
-4.703428271191262
-6.596903948588681
-5.961259346378361
-4.554753285878076
-5.093757581525133
-6.973591183231372
-5.856475378505164
-8.019361650620583
-5.928013802425359
-8.306964931723142
-8.205831731249717
-5.818784440210791
-4.962520715566511
-5.145653479007606
-5.286781113489687
-5.57336645482846
-6.36968581907519
-4.687900604097009
-4.577808853763195
-6.561098941208253
-5.827063825645618
-7.4691479696271985
-8.610635642590083
-5.613319420833971
-4.615485604147981
-6.91987785318793
-6.008355581346261
-6.995222858725682
-4.664822563483984
-5.74198134205166
-7.133818080081144
-5.498140117126918
-6.724437125238738
-7.472009855256255
-5.142262232933233
-5.409918806351587
-6.404774558172764
-5.439979057633104
-6.464769203972488
-7.316883519389073
-7.1803987199703245
-8.507377285423392
-7.121563778833276
-5.592902278469346
-8.967153097337077
-6.136626542671376
-8.617274688184075
-5.1278114163815145
-6.893821902663466
-6.034644518291225
-7.885751310309696
-10.045546562727498
-7.550904436396367
-5.966959809313626
-9.787984622898604
-6.165330482942419
-6.188216521550889
-5.66765756198427
-6.162078411363101
-6.235374985340112
-7.171231756595949
-9.196900954111143
-5.9872192960357635
-6.800416161218079
-7.735400667462783
-8.108759171084406
-5.6939368439643205
-7.918118773653171
-6.3619625102986905
-8.70643132363667
-5.43605934684904
-6.602906422660257
-5.600803478242982
-5.448700230769951
-12.713548219774719
-7.600133655999638
-8.527467074240825
-8.174605590637265
-9.599070224806582
-8.375933208560532
-5.450687113133121
-5.499961727744185
-5.665887223556215
-8.23526067143928
-5.578822654114366
-5.653475573582347
-5.902685107548728
-6.200305837020556
-9.173896336061189
-10.037806814981948
-15.212810952187331
-5.785128011364707
-8.460492754626982
-6.130395548867906
-6.2025595557644175
-6.039937312777638
-6.944792043316083
-5.989381136803774
-6.666506895715152
-7.112242570229228
-9.850771878777426
-12.549585730840553
-7.920557327717548
-4.900072997790697
-7.653197718352552
-6.665178595604643
-9.366642305814386
-7.122135535290348
-7.289304092123223
-5.615392440741048
-6.9206369628966335
-6.457702019214703
-5.273054636215953
-6.451497453102557
-6.3386562473232
-9.761495728741691
-6.653669529380475
-10.445649219386366
-7.02673231182009
-8.754748111889311
-6.68472451992616
-8.48540986971821
-6.222450087111415
-7.029389516935293
-7.555938751241379
-6.6605607148604
-5.073542796290819
-9.007577776948784
-7.491764880412117
-5.35395156653202
-6.4137174158726165
-6.80675609066731
-6.585735750602393
-8.247109550145998
-5.712956641964772
-6.806575697210314
-7.355518959732235
-9.18568334362617
-11.975936791975803
-8.022537067907152
-5.811508853163558
-8.477116912200895
-7.977848383036345
-12.163173889657086
-6.227005498289208
-5.2118447248518995
-7.92145044191492
-8.70377812544212
-6.650880611613683
-7.129318203568518
-7.55293591802492
-10.246262895370661
-6.324081741899854
-6.897783251351717
-6.6679474322321415
-7.749569425070912
-7.46399732075009
-6.083170804370703
-5.557451468415244
-6.2450805675571806
-8.234532010804747
-7.254402160860141
-8.052778328473629
-5.915756303358258
-9.00149690207606
-6.44431060244676
-7.838129676094175
-7.156059338293228
-8.238785942424375
-5.325190248848109
-8.669893660138143
-7.438699487182012
-8.1520985612254
-7.363757670647463
-10.661390237248739
-5.67084196436964
-6.608792737935584
-7.383991954194656
-6.985563084935947
-7.252735564239214
-7.183124616853841
-9.811665658699154
-5.6838433277437375
-5.525676089781268
-8.936952677322555
-8.46195444408154
-7.534934458023305
-6.293441774813713
-7.183216698623636
-6.780827318673104
-6.220250534018672
-8.450140255682141
-6.589866642041452
-5.632728688095672
-6.159456752914688
-10.032090594928912
-6.676128736137714
-7.825023582093219
-6.898219695769411
-5.890683066243496
-8.32342845057813
-8.077301356803721
-6.150639583712951
-5.088663718311238
-7.222774645852019
-5.6824737503564355
-5.1993789591861965
-6.766763252532191
-7.640109483801344
-6.167990075804043
-5.2853773178797505
-5.109863210128576
-6.143352148970337
-7.849399864513021
-5.249267036241704
-7.378131314922514
-5.006006231228879
-6.509621039901367
-6.249754983034065
-5.825413770940425
-6.539846947995999
-8.042926727700864
-6.205229856747534
-7.634283400822183
-13.684639876289925
-5.770020281456037
-7.119885638047847
-5.62550816963564
-7.12050195373675
-10.270398032634176
-8.771758271096042
-5.7813763413142665
-5.135798662541315
-9.765627389291582
-7.216850322838885
-6.500499486981655
-5.8750833902965285
-9.954977154276815
-7.119825057537526
-5.279917841984242
-7.077347726818688
-7.489850983037217
-6.517326177958202
-5.889429874810823
-5.437175595357314
-9.875331224646846
-7.7636844224023465
-5.58464567835471
-6.801105162737015
-8.736711983386977
-4.812706717580816
-5.565374590216318
-6.143929919072018
-7.190620891717094
-6.040614736488636
-6.940391999533877
-6.786407729644805
-7.298596232868305
-10.668979664164189
-5.9674827557754595
-8.052371800994633
-5.977286238918095
-6.422119330971771
-7.199473124451951
-5.255424373787566
-5.784242833100507
