# log10pgen1mm
-6.634801459633074
-8.149554925656172
-6.247479936224976
-10.116990996869506
-9.98559891463113
-11.46901702134191
-6.024994592391297
-9.746753202808128
-6.582053093380176
-5.572252639510842
-5.934966684891465
-7.623727866883793
-7.514532581986018
-13.12433238659821
-6.029854880695134
-4.50282614060056
-6.431030340208956
-8.109582731045915
-8.079885926303044
-5.698161079852366
-13.27744856872915
-9.478927232403334
-10.103569284969767
-11.18291613142865
-7.5952993277909915
-7.29035029115891
-9.193433746775149
-9.356735042361038
-14.48044647360662
-11.340143265697535
-5.595046857139276
-6.060272764559629
-5.162506069017509
-5.838719093915988
-6.379799077327197
-8.210748265372658
-5.189425798394616
-8.01581532001811
-8.210138698177259
-11.444316412801193
-9.500695786779165
-7.009887896669576
-9.276684923780156
-6.814100685651433
-8.65724198848877
-6.090678248047392
-10.345091250947826
-5.28258545578977
-6.3057946616862495
-6.307055874074544
-7.742428726342259
-8.411442898458603
-5.413047229925064
-10.048565623798838
-8.217462651402416
-6.879451217923677
-6.985937095168051
-5.389138510986428
-7.859450846818135
-4.67603211696171
-6.874646226326236
-9.098445959415793
-5.513816816258521
-6.69379114999391
-7.099289809866134
-7.257368774212071
-7.132146121524029
-9.454936452909315
-6.387982155669627
-5.750603252801217
-12.556652441094364
-6.52472331333011
-5.567522835478902
-13.722324239976356
-8.497690419246004
-5.325657154880935
-9.752012001664042
-6.342655894460786
-7.863863581245605
-5.204357297912637
-9.579205698682541
-6.59615871811902
-9.339368053470485
-7.918234365137763
-10.496391418738094
-6.881630899701669
-7.119773339057502
-5.283030983058885
-9.943845193588004
-10.834390202650445
-6.353165234588098
-14.29167022548986
-7.775137963426583
-7.549549716954736
-9.006233798552623
-7.968892351714273
-10.20117756112729
-7.289469898148896
-8.68138135298022
-5.697862226389215
-8.20012321961157
-18.7848232936439
-10.637758087024816
-7.421873055972794
-10.635639386605066
-5.581069395343589
-7.040328134747448
-5.26194835171788
-8.437573174565319
-9.076197221909899
-10.00975465922503
-6.715977823024065
-14.231180141363623
-12.533272578588589
-6.407947449560271
-5.37543287589536
-9.348403187907378
-6.77615553544791
-5.038289722320826
-6.302618031239753
-8.00556807983698
-10.20158414670273
-6.046607657015517
-4.448200441210953
-5.990425275216194
-6.962883359335226
-7.251740178555228
-5.29952162351488
-13.346023717828349
-6.293432142326057
-11.182177492447689
-6.669340907189638
-10.99979543107007
-9.723528551972294
-7.150132684596025
-5.811783778882617
-13.632328474607718
-5.622220669897766
-13.616346308249481
-10.480200132837801
-7.488274346831554
-9.480741305030463
-8.647708734481059
-6.521037853561744
-5.811763852930061
-6.844283061048798
-11.128484741784765
-9.198780381857613
-8.296036931239916
-8.915471726859172
-6.53926523284105
-8.222205546145217
-10.536751211501468
-10.357275083427607
-8.522258836779399
-6.305504458593609
-4.769230798262813
-6.34539718665551
-11.201224854477253
-6.565753353868649
-7.316859573917278
-6.756247136589309
-6.847976431360377
-9.28136349087435
-7.48303302073641
-8.538847653629736
-6.118453583970002
-12.748117289693225
-6.192970818496062
-10.137206542790821
-11.732346575766199
-4.800388754576006
-13.471117447904433
-9.829763020332047
-6.121312581387924
-8.484504709005746
-7.228419568657841
-6.377345577058467
-9.586237345554633
-9.671558640583974
-8.909009541213482
-6.602802106173247
-6.962481509441221
-6.148282239010847
-6.790665876530179
-7.247213645323031
-17.053633533089062
-6.688613025205771
-5.4724064217911845
-7.88291731739311
-6.3936909315116806
-10.533860324332583
-5.822379215378822
-7.022313770751373
-5.739893769122405
-11.835217151811166
-9.67661455559409
-9.776110468423706
-8.676038466765428
-8.022638772033751
-9.011345164210299
-10.39326046990418
-6.2065143585899145
-6.864872486730634
-14.782843105317104
-8.923327578535735
-6.687087706507891
-7.985612878541046
-5.436339875530707
-6.002971131521448
-5.605658263580589
-4.631776144356396
-12.10940807789207
-6.921919517359417
-11.063447134156268
-6.25754020178387
-9.828820559953034
-8.949539432362574
-15.608153539887224
-8.969375205570326
-5.571313177764513
-7.904849128330663
-6.814953939525052
-13.608532654784963
-6.723763830513148
-5.519224649288875
-5.93263072766366
-12.664518520016648
-8.631814317264542
-15.68422174211134
-8.839860207733375
-8.550358642854237
-7.032946937634088
-8.970612005987759
-7.28334431465087
-6.022600738247574
-6.120364183871276
-8.224257961196374
-9.531761216456129
-7.386693422499899
-13.05331114642331
-6.931431068480879
-8.485146149687564
-9.90797725587223
-7.235877671822007
-7.79115919389
-7.162471556616788
-7.221354862424638
-11.054914366716739
-5.793895361818057
-10.381464065982723
-9.449703476999792
-12.093263971432467
-6.470434693947671
-7.985158689349241
-6.076179069756401
-6.8955417550613465
-7.298735106340409
-11.919217566105878
-9.317751670634916
-8.518070772114129
-14.756477441181856
-9.98119592793231
-6.270020660050707
-11.781559283415765
-10.781251080657642
-7.22198790488387
-6.422640054652356
-7.238768350797288
-7.734092896632942
-6.0510714029409955
-10.718514360175986
-9.872038713134147
-5.479097047533537
-6.291622432434831
-10.223136092257286
-9.419807177965982
-22.27679621323032
-10.449805322547322
-5.796115486950972
-6.490472282823028
-6.53547901952391
-6.113552413134756
-9.872729899759236
-10.686005904658806
-9.045767062571421
-4.85943188397593
-6.915268945716064
-6.125216799009114
-5.7718185586318675
-6.050314088334242
-5.950477673048524
-5.662573946900639
-6.709029210619648
-13.987669486188643
-7.108348914634398
-11.396971158547995
-8.408553980648158
-7.532867504180307
-6.337283505006834
-6.746293803933928
-7.521881685601385
-7.283632452418121
-5.658778641485417
-8.46707353468382
-11.787269617763604
-12.59637580125482
-4.760394788115103
-9.478377355138335
-7.202210531056149
-6.459276338949613
-10.78036539835154
-11.538912825935233
-14.377922032914064
-6.303160750623523
-6.504612056123805
-7.318972311287814
-6.560100363541966
-11.66626138762285
-5.3162013296183765
-6.470771345341775
-8.677420961102793
-5.590225704204594
-10.931914519066314
-10.560505848923347
-9.325785464644508
-6.086790412912606
-6.593622693086294
-6.990971933718103
-9.622539704084378
-8.355527429079553
-8.445301748874988
-9.526096829687301
-7.5564412835820765
-7.1409497910710975
-9.009411230214681
-6.478135436561381
-6.86740191340351
-4.90733701168181
-17.575475926738452
-7.449612466716358
-10.123882091783699
-5.829549630683077
-5.446244893152959
-8.71178110458387
-9.644004810118767
-10.291306663027806
-6.248788731950667
-5.486178427400708
-10.744688622967775
-8.700345507037019
-13.010649084260685
-10.211081521659317
-6.130283700745539
-8.085555450161849
-7.068403012951106
-7.393573190267513
-5.165994577134413
-6.483747771547563
-7.980091689670382
-6.020248296845997
-9.54587683775292
-9.64009771448081
-10.799112748373354
-6.335656803766856
-5.2608593129572565
-4.68505862857713
-8.012765127483359
-7.4899718982883305
-11.888972421411944
-14.700835403839156
-7.171304058736957
-9.816214454854332
-6.541568609835424
-6.682336094281758
-5.295238847000463
-10.640348420554062
-6.680821136881262
-8.46305874456534
-7.138193050748499
-10.870043971228542
-8.354611197339857
-12.061439130561974
-7.7188844215178785
-11.012326747154589
-7.999037064536492
-7.857735687592974
-5.871885417180334
-8.845075549667664
-10.01856820762794
-12.03297482214831
-5.479605349868431
-6.8320645747858615
-7.719656665904605
-8.524874204653553
-7.032436546710852
-7.4930347906567585
-8.96388451144797
-6.8157411004812465
-7.607470748786114
-6.22660348315648
-6.360064513332069
-7.449188102163055
-6.888857999616506
-5.884714330314189
-10.48820478803927
-5.74771687853506
-7.609782480962111
-6.213954454367475
-8.011834962190663
-5.87369674871956
-7.161502754526014
-5.384071296064375
-8.703378516466726
-6.8157531369997715
-16.99224348391268
-7.068879418215592
-4.942074047648524
-15.623889390424962
-10.389533811595253
-8.951926107297645
-6.6405978563707935
-9.650787170199632
-6.808440920353992
-9.698809111293633
-8.866901914398328
-6.693561629429113
-6.954895006942085
-5.407692039440439
-14.794364775408887
-4.564025633245861
-8.457732534687507
-9.648194668876405
-8.462859480929835
-6.839368201871716
-11.906209242149302
-13.107471292525972
-7.047166973703963
-7.379242247412894
-9.680234223908714
-9.243716928097097
-6.78343526943627
-5.43126920298341
-5.738198424376646
-7.349366904293264
-8.63368217016372
-12.974675720804129
-6.7041400814013095
-8.978543071662587
-9.326290367582788
-8.355912880762247
-6.065975022014413
-10.126393975881276
-12.301933545812922
-5.176555534648035
-7.725134464679054
-6.869071151105691
-4.430918927815428
-6.665744387569117
-5.1497785583604445
-11.984939797985842
-5.365926446559009
-11.946585574251019
-14.731771105279291
-6.694268414576964
-5.53360476991735
-7.108764082207521
-7.212065177104388
-11.467386033504765
-10.835999587581274
-7.133037557842487
-11.35499111247475
-6.0552499476041035
-9.196766361882334
-5.517209504373186
-7.356226839399524
-5.345273713864937
-7.168263986770835
-6.692382221498258
-5.267682330948427
-7.216877026303459
-8.021450598245279
-8.258810221975768
-10.08858647358191
-6.951934615784669
-14.67533504038289
-7.994892578062242
-12.05176468478695
-6.57328094732168
-6.180159391355811
-5.890699824568218
-5.796917350583117
-6.027566929310728
-5.466597018441226
-8.035772640534907
-8.11924011049941
-6.53216953084285
-6.102750751341719
-7.0729000368435635
-8.323672611998264
-5.324361241733478
-8.604116970289104
-7.59116897721466
-13.146949973470036
-6.96800868553683
-6.597824647515412
-6.766668706215282
-6.371717382803487
-15.405623623018958
-9.069961067129267
-8.166829893277868
-6.20655705003767
-9.031264425950557
-6.285224140719458
-6.239098391253483
-5.536729227110934
-7.114458967402457
-13.501846778653938
-5.64209429638495
-7.53705198444692
-7.9660528045031525
-8.791665117501413
-7.900777155881862
-5.921242222386464
-7.362273741844921
-5.502042221702512
-11.159791967547596
-7.101360148306419
-6.763796926450807
-5.442029179097753
-6.840683507366458
-6.48968677441955
-7.83637264243086
-9.112490076795382
-6.828931694185486
-5.288817921138229
-6.735014167327732
-16.144199455055418
-10.980293977473243
-6.662834238954235
-7.334873537004337
-6.991596328298074
-10.427210299132824
-8.960051966975863
-8.253931869980914
-10.247730726257862
-9.352566388632543
-9.425469371318057
-12.390539707157476
-6.405748261209132
-8.5787624137756
-11.78378262182142
-7.627998294520395
-11.041755285655181
-6.342653282272745
-8.365456610367847
-9.44397856210485
-7.812558412955795
-6.969665253103015
-9.82149781102279
-6.131774482433937
-8.682771568900183
-5.251044235951715
-6.191346578420743
-6.9367397468237195
-10.788285794325821
-9.507337833702152
-10.866785985773896
-10.048098759919414
-7.642770297696471
-13.627062578496105
-5.906834552102278
-10.856467517728023
-5.0866479236880595
-5.501953627689347
-6.9985641451870055
-8.650998969231397
-9.678719163395058
-12.182293598382465
-13.122929639380049
-5.637198584467058
-6.3390320631674655
-10.594861735337414
-6.034103061233866
-5.148215759339689
-7.863374863097096
-8.17961071756291
-4.715855435212823
-10.049595699860745
-8.550368819867353
-8.269657836507406
-14.365966877609482
-7.244277735552926
-8.431005524282735
-11.344794624744987
-8.469314670113231
-10.91549373239684
-6.769443381284589
-8.501212586482918
-7.3923032986916075
-7.374705423626416
-11.052515211090695
-6.495874221095475
-4.837260241473878
-7.23732817379407
-8.960863380809743
-8.063198285911172
-8.645581208535612
-5.997214692070162
-6.1999388607720975
-8.276239230188699
-9.704896626608438
-9.034784002268815
-5.957569961965394
-8.95727538775544
-12.172773494487384
-5.549375447088085
-6.633523708387381
-8.574469963474003
-6.186674690404665
-11.607304530018354
-7.246051061676716
-14.309516043872948
-10.844325480472534
-5.885247233932263
-6.717836881871724
-6.391842072595759
-7.6029902176742485
-11.585242506199776
-5.393409259320805
-9.103250267181483
-9.752398606649283
-7.068892343534012
-7.787792968320472
-11.859214555249162
-5.182247618947353
-7.613969529117342
-10.71111257935373
-11.978642806649319
-5.023357266830653
-10.742098459323202
-9.922249171583234
-6.74284634457671
-5.52570713511736
-11.365153120851222
-11.37889667996552
-11.895070305408368
-5.870495475934316
-6.976562431203017
-13.914055992414628
-9.518355081693459
-5.634481122780966
-5.760252706258975
-7.961126406712833
-4.828150353835347
-10.298656620117116
-6.523421459353153
-11.321032914568086
-7.522995315521571
-5.945598818215389
-4.858066452828685
-10.667170911394997
-8.20713606914415
-8.692114770637575
-13.657895897561831
-13.663219904768496
-10.24287994981711
-4.928897584016135
-6.195374925763167
-7.227281343428186
-9.079190480730388
-7.460684275978534
-6.398400699871802
-9.019445815852595
-6.086872260944743
-9.890882631272618
-8.493243257219543
-10.28269478110242
-6.6181493032011005
-10.072313970761128
-13.132365455222686
-4.296734243427232
-19.190426292330432
-8.419474852127825
-7.614738249480736
-7.119954458475028
-11.412878162001428
-8.359479334691377
-9.377643956215286
-6.201876599475802
-6.124940250207689
-9.808985869837333
-7.6522998566164055
-8.401749452875368
-7.885599708508136
-6.4257177599266155
-8.284087685866803
-5.949867496586288
-8.552512997476565
-6.154801938965828
-6.3282860837563115
-8.038490546993794
-5.992633349103909
-8.290350501716379
-9.2324620829968
-9.071061756807461
-7.187757148754404
-9.786011356491993
-8.076086830380998
-9.598067031184959
-13.597003364979166
-12.015085471399981
-7.409166391447451
-7.965796097050565
-4.856028435753211
-11.164820205663627
-7.428634306828655
-7.6529628770855025
-8.29885993816164
-5.34723113933413
-8.41090418100596
-7.346116225546534
-11.844142799609783
-8.805503831688467
-9.728769816214172
-7.814619918565864
-6.14471472984781
-4.902868518999423
-6.4035606075430875
-10.176301270373724
-5.657722599878747
-7.4655407642648175
-4.584832803912756
-6.683353356280977
-6.225177072649562
-12.167751406255316
-7.874648114028967
-7.133040906560632
-6.10861394261773
-8.770884167562565
-6.0745987905241945
-10.85170170068493
-10.65986712678818
-8.809749124300007
-9.077594674393998
-8.88454393239535
-9.550169146307946
-12.090453932058972
-8.3241803552615
-5.903745706849026
-9.138565211331336
-7.636903912811691
-16.99056942527456
-7.460051495316162
-4.156884047153648
-5.44986072172517
-9.945683434944605
-13.564655204458168
-6.82908250750307
-7.538260284158519
-10.445681925690836
-8.044336317827135
-8.77029099889453
-6.183461594734214
-6.4349166280808445
-6.096591592162137
-7.189147615280983
-5.085159937578662
-7.19153617465884
-7.600697599856395
-7.308594613734295
-8.286660157434202
-5.059652679630307
-6.7842154962573025
-8.703099571959063
-8.869523585227277
-7.901434181373738
-7.162375010187847
-9.841703599685632
-7.675501422934255
-8.038119599580641
-6.549015389094445
-10.393829338981122
-12.325813967074778
-5.121227655749296
-8.548083863898269
-10.762128502060733
-10.014427798420867
-8.545264744900368
-8.810020152464991
-5.6130631981262065
-10.553294169405524
-6.721644322034905
-6.4846440907429015
-13.868644587671582
-6.469829436835255
-5.346890756241811
-5.0276222264608235
-9.670511925807283
-9.483382238792396
-8.092355676802846
-13.712506918285575
-5.706378088060159
-14.488462764465757
-7.410978066794869
-5.070548105847185
-10.495559288767092
-8.230732619990315
-8.353859282732996
-8.7707238307413
-8.09864434635229
-7.020963586746694
-5.789117595657984
-7.012145920851693
-9.892766111237085
-7.689180237171902
-8.329449582964292
-6.224978777500029
-4.535354183135051
-10.824934291187818
-5.73501162224417
-5.655750664673556
-6.971029775224211
-4.6587498589119
-8.738338260800623
-8.899142866154772
-6.942707731406707
-4.548879775734798
-6.531134983828126
-9.79082974322671
-7.188276131944266
-7.26940488351723
-7.2142397100880045
-13.206511538374864
-7.342300268527442
-12.806514864186132
-5.8069522106035585
-6.822883259544239
-8.746014953147144
-15.518912398904927
-5.464384220111303
-7.47353124450719
-8.394152084413923
-6.523555933030163
-9.609222803444693
-8.739206941038901
-12.61184144044853
-9.715756537736576
-7.254382956991965
-6.448370936225018
-7.032823558823243
-11.473875513906783
-9.117492319870559
-14.869270723825998
-9.717998117421557
-22.248573857685066
-10.433229703503132
-12.878520728646805
-6.721245001589899
-6.9771251604726325
-6.763874935432929
-6.677593552122317
-6.74350932872598
-8.717870057846877
-6.1758944772729905
-4.911211751569555
-11.3664745269412
-7.403933625406047
-5.87523023413333
-9.47191657368471
-12.057066543354685
-6.427651164485548
-9.863980658738466
-9.851544665440594
-10.918850348252567
-9.897929259316982
-10.347979563184952
-5.179278529684304
-8.209042294349867
-6.620998881018103
-5.569825787775353
-11.214158483891772
-8.018740720814305
-9.317025632794506
-5.991892990344225
-10.175277600586362
-7.097654463661034
-10.136613392078642
-8.398672578534795
-6.360314335508763
-10.903428043588109
-8.974769835864771
-5.811472159586787
-10.91650853634485
-7.120010820746466
-12.273753107655551
-7.119231314848112
-8.304157998020262
-9.233241161825685
-7.3418154443646335
-8.093004975735942
-8.325140066039888
-7.339299887556727
-18.22890992980601
-10.979465589581784
-7.43532465662067
-6.4823315649771365
-5.979915392991064
-6.823998328727902
-12.866741114961329
-6.930063831963519
-11.416359708185382
-9.833084701629865
-7.195661889604636
-5.949649785094109
-12.994235318333727
-6.3800400985751144
-9.592002462952074
-6.276142056304742
-8.100198713950412
-4.741117754864981
-9.477425050842688
-5.301291724193739
-7.721514709406521
-5.12318024879036
-5.919877353552992
-10.923699948214349
-6.24856854806559
-7.966201081186673
-8.780274094504316
-8.114041024872476
-9.083826237411275
-10.982119798053253
-14.148230812736074
-7.487242139636306
-10.404647927186772
-7.927603235579279
-9.63152614295129
-6.418725679369852
-9.37038955476237
-9.204325381945662
-8.509709835289545
-5.957792535501383
-8.025925353630472
-8.549718270774493
-5.948111833864563
-9.518004755776337
-8.046437141084917
-11.904510088647298
-5.449215292958989
-8.723459319448404
-9.050983836451225
-7.351993893394834
-8.333537540540966
-5.653154502355022
-7.377779904270222
-8.053119809204016
-5.494054932430682
-5.756377633734331
-7.675734942347309
-6.311597696432771
-6.747161248773674
-6.818506236642355
-9.020011298177339
-6.292057959203547
-5.259058057467675
-5.863663067163838
-11.26512677774645
-11.902375090018158
-5.982003273609424
-11.779932865136526
-11.206115159605151
-8.175118155906125
-6.5203985250612515
-8.54462834738744
-6.753800283824009
-8.18391318464769
-12.480579091159196
-5.47063483801653
-7.202773714023522
-8.42713110162628
-7.574840067857759
-8.431979075031142
-6.127865911255445
-5.884328479885932
-7.772305436737443
-5.520843278601978
-7.753138226524205
-6.6856452150059305
-14.33089864917017
-7.276562853986954
-7.837477473630773
-5.550139214725306
-7.385057375684318
-6.121580291877029
-8.359073557550184
-7.766659072275012
-10.208161472273362
-15.13167319444877
-7.906837897788917
