# log10pgen1mm
-6.073933118293794
-4.6898968184437635
-8.116765557109982
-4.982562173424873
-5.747199845380431
-5.051624215954172
-5.347261800898341
-4.1551667516359325
-4.346860622429793
-5.8597655291324555
-7.003559463354221
-4.288653286105873
-3.991854989647847
-6.127629972834773
-5.850466467892785
-7.841824784878822
-4.630035870892784
-5.921051975078066
-6.6422486411962245
-4.412861472804135
-11.72315244236741
-4.039230825838945
-4.303983685199382
-4.545090676531644
-6.418727338054342
-4.701782733337484
-5.907977082459472
-5.000046622891295
-7.162657864749534
-5.1163231606057265
-6.669506917303109
-3.757615738053987
-5.334408962068968
-8.461225621319056
-6.235895011636364
-6.639733459677652
-4.353796883833099
-4.473364705050272
-6.493211851858248
-11.045176357589105
-6.084806846845439
-4.433632988693711
-5.734516548134746
-3.908652768990836
-4.861466814285276
-6.798511150716068
-5.603117308136017
-4.89181178131139
-4.691034190545412
-4.723289600869203
-5.405649709303447
-5.573010274769405
-6.194800728616399
-3.928918795644494
-4.53034986393555
-4.7680756218809135
-5.931968955260088
-7.166268893315243
-5.560420819285483
-4.466504616850896
-5.6656310927054525
-4.677268573358283
-8.192421991091157
-4.407524421826536
-4.020769422913932
-4.28522447056105
-4.7196095575094485
-4.620945442231452
-4.791118157969106
-4.334574167302452
-8.160509596669085
-5.593791604579468
-4.346039263063774
-5.040653549371221
-7.425021444483655
-9.221888811733685
-5.949166437439571
-6.925269347404677
-4.843151325959608
-4.870575976363134
-5.616561485584356
-5.983995350723924
-8.362384246021925
-5.956320425501215
-7.833368061020105
-6.650478158746589
-4.7169686100061465
-3.8119656492062677
-3.894258168123316
-5.388823449078712
-3.5893809065380085
-6.2987233432012895
-5.643265816760225
-5.505304867340318
-4.80678290308048
-3.9983601500592676
-5.557908406471408
-6.861654608353076
-6.290066384278872
-4.8940822265409825
-4.814150754452104
-5.208186779594454
-4.085578884663957
-3.7283116910901772
-4.680217797700935
-4.017618870567704
-9.538283545038013
-5.967460039480757
-4.780790874071974
-9.777844028286642
-4.958493445268074
-4.154366964987831
-6.578472981889873
-8.286390538252801
-8.465731986125279
-7.101940582202231
-7.82749080442212
-4.89006533948208
-3.606293747888182
-4.660862407687182
-7.451557364555575
-10.837654559604628
-4.451612049531664
-4.660631980435716
-5.834664046528746
-3.901113824266011
-5.233346333973625
-6.283762246056669
-4.059185187890311
-4.314374939571994
-7.125330012447103
-4.501598652968461
-5.052568356041826
-6.08414663846604
-5.762820870785342
-8.062454918718847
-6.319502236008202
-5.809987821616307
-3.9512579082684023
-5.166074149209321
-5.7275541067320495
-4.525327444760853
-8.707376311895663
-6.250058037558363
-5.15623585296301
-4.544465000409091
-5.220826013119878
-5.516552072386089
-8.11786640279726
-5.552332869693679
-6.0278848134249925
-4.794963015535852
-4.8547356548021545
-5.083246672272264
-4.974058065285716
-5.132249747771636
-4.058473397677678
-5.220599675035527
-6.168232741478304
-5.542858263067203
-6.498522654133607
-5.153670399580117
-5.871550589176701
-5.1109706626401525
-6.69798929619181
-8.30901218430807
-4.797094436201206
-4.832904479674849
-4.685716914817826
-7.19228590303638
-6.7841037150964105
-9.912113909054936
-6.333515916320274
-7.265853956315231
-4.80094941906451
-4.815048166543419
-7.309658093788239
-4.796635892648163
-4.781856585505079
-4.908364557087918
-5.712189160000342
-7.743261930929847
-9.025123004497209
-8.707714298485294
-8.189704155085838
-5.151967976074272
-6.2192256889240705
-4.066383947762076
-3.8543621455746173
-4.461939645113968
-3.5899412937184114
-6.623866110130963
-7.675985700679467
-5.11033769054703
-8.239665846221142
-4.748522225626824
-5.176378663040834
-4.835501535217983
-5.425664902496097
-3.811255864808539
-4.701063321536189
-4.344433566178457
-7.245116281831036
-4.0573590361986325
-4.4526142169080165
-5.801106155389853
-5.984907156420336
-4.8718688214311685
-4.913632237402446
-9.37658275047935
-7.656834692072343
-6.641633185832072
-6.58192975419726
-5.11387935338371
-7.995137382400912
-5.621047959718739
-10.53713088449185
-3.7380859037920366
-6.4015193796316625
-8.364805644182617
-5.3571639344078354
-5.512019117191787
-4.897352291589929
-4.455674301268529
-5.130584620671004
-5.557293350678942
-5.027849264776427
-9.490351660671246
-3.6760880468457247
-3.6725933190798425
-6.966882839429072
-6.228854756657813
-5.328243517488822
-6.069707081342786
-5.972116678511877
-4.95464895306507
-5.403656028625542
-6.143928248617779
-6.923199619401523
-4.108111727039854
-8.059373606013752
-7.005681110532396
-3.9164141476403844
-6.3686185591078655
-6.225540946579507
-7.270920089702456
-6.319798207260313
-8.75895658687609
-7.729816296261833
-5.835451245383881
-5.80736856189749
-5.311849854385919
-8.897572493115035
-6.941797884487218
-4.80989394890506
-5.063145488872582
-4.396548995182321
-4.610190110603079
-5.942144224669827
-5.520778506882032
-5.3899999888571575
-10.308756414646798
-6.0631790952239335
-4.575194514635529
-5.731078957052274
-9.814422853072314
-5.568632338356799
-4.199901052105546
-5.5848763284037215
-5.479403040223322
-6.8820720899872505
-6.932422282175769
-4.000518500907948
-6.259584596999109
-4.370152959079042
-4.5107337256954185
-4.179800011579616
-4.9374200347979205
-6.083374678105159
-4.339785366125553
-4.600316486326551
-5.564173398671521
-4.675881126807836
-5.8870505652186775
-4.635961358120241
-9.748014874152876
-7.375635627060911
-7.828268048614629
-4.408351039817124
-6.839244958505777
-5.844395617946664
-7.9343831514896355
-5.557700074123598
-4.935767730925827
-6.304191874762122
-5.46063154432256
-5.518044996457578
-4.823535427101115
-4.900037521395564
-7.846513877820546
-6.966060574447605
-4.008924683452539
-4.671245819026975
-6.441084077987753
-7.458002071963869
-6.89053619370907
-6.2703152398115405
-8.841899072260013
-7.250589668779729
-4.83668045946664
-7.904785372242749
-4.274419885904377
-4.1243439328759415
-4.770816672317832
-4.322209444458669
-4.344977823188831
-5.9895309220310144
-11.829923990542023
-4.943616461429653
-5.96800673352413
-12.714042749152313
-3.75686539410944
-4.965818341568155
-7.910287931205084
-4.579108682435234
-6.589140895865155
-4.408266277909605
-6.1703066418368815
-4.596232033302274
-8.202159029714263
-5.387187135330615
-6.157904709624494
-4.238400173730956
-3.97832368424012
-8.725605876223527
-9.980550962459118
-4.567634637839854
-7.145511864569645
-6.7424229732100995
-8.165683446703346
-4.912609617392731
-6.461474879735539
-3.903836972166582
-5.5565266440130285
-4.953611349381427
-4.453633111620321
-6.219615165651707
-7.991483245883122
-4.649094131442242
-4.826694722429557
-5.121728596339594
-4.678517583247574
-7.153082160213239
-5.51143563762414
-4.517809838366888
-3.7317968368655716
-4.631502848154168
-6.668052900056053
-6.624341508173954
-6.24001566650624
-3.836993192676244
-8.060185441146464
-4.238655246453283
-4.11149722915419
-6.910134157807505
-4.675990298791545
-4.179514767603488
-4.164524289030595
-11.18914374076247
-5.859144964688842
-5.706043769562096
-5.463260865031321
-6.832016146854331
-5.137741301041662
-5.1745030326262285
-4.069964079858657
-7.503328057510842
-5.758483158631142
-5.3204608933428785
-6.0111632048672625
-5.862011651742693
-3.891855185335233
-3.9654108768202243
-5.0030652469047885
-6.2521989688404265
-8.822049005940737
-6.562873427375521
-5.831728381446553
-4.547270708721519
-6.022147895956962
-4.026211501623307
-4.725928260657086
-5.2899107608536315
-7.842626445358048
-5.881092414700377
-3.9750101698506057
-6.018581950537082
-6.655143118377914
-8.389076619241589
-4.587697495469044
-4.760183610037048
-3.9305591920890866
-4.86733673547033
-6.785810413959209
-6.210068478656195
-8.57358831857325
-9.273045719681093
-4.514498628266302
-4.376053773072123
-4.436281704909572
-5.362614850638657
-7.193396369941767
-5.026639998093673
-8.11092345986827
-8.38562907262499
-6.0877016243028566
-4.739425452386823
-8.875231522077495
-5.104240267624908
-5.075815550099426
-5.2616012114459245
-8.305187994372261
-5.527573625697947
-5.2101251095006385
-5.153536878382379
-5.620369557479675
-5.938428825122347
-5.00051499777729
-9.055247795378904
-6.3566799500209665
-10.41467332826387
-6.6737110112906635
-4.304653486775064
-8.739825901858788
-5.044766244293973
-10.432165399643155
-4.23776748437255
-4.448438382561996
-6.0172577812993495
-8.376662297005247
-9.545765812523983
-5.12976261378798
-6.462161500796313
-5.571534438166484
-6.124375389668919
-3.561014814822291
-5.9779099727003215
-4.282834118122691
-5.187840073921932
-4.00442045085051
-7.440058638473203
-3.715422791601148
-4.52337126828218
-5.878153391806173
-4.921325615892294
-5.557034719518023
-9.803943879495325
-4.492437149211981
-4.639307182439327
-4.829285251075521
-6.3914170713680205
-4.934369932337037
-5.680492841523251
-4.9221846973650125
-7.51001947782064
-3.9210125061313676
-9.43806610940246
-4.339268356410387
-7.675578194317331
-5.920852968199802
-4.951551296275116
-5.839642622357899
-6.635191323194011
-5.566586785342887
-4.604998533946907
-3.8897378552250785
-4.572488676640505
-4.306203520653607
-5.676020829953617
-8.379046669448861
-5.120685458039677
-5.951754715433216
-5.191964770209488
-4.880171931787126
-5.669100552992672
-4.004675644760502
-6.078145168704435
-8.234648156217762
-4.01600133732995
-4.816469897921305
-7.62180621430994
-8.548640478707561
-7.749037732234967
-6.5481839115519875
-4.15191226302098
-4.864242146785342
-5.485198671043436
-5.15418560902954
-7.0989121591957165
-6.069198109770724
-8.099426525540803
-4.246062982204781
-4.954863278695373
-6.2537486585091155
-3.9474383561556445
-5.371555988323625
-5.337499927720122
-5.647486612493416
-5.782284985597299
-6.2364191597909375
-6.435499440974285
-5.933204753295008
-4.312205367381499
-5.129182602354723
-7.750815120732872
-6.374052878438953
-6.534579823445362
-7.023214775538469
-4.697542779377819
-5.057206489556032
-5.129625621055633
-7.283816170529626
-4.946873242905724
-8.344472301960305
-4.83750310376778
-7.433122426637578
-6.261519156318619
-4.477305564564293
-4.171556018181712
-5.949164241351669
-7.144952451270914
-3.8524974777250254
-6.206076594685313
-3.899463072431997
-9.432839781332662
-5.971230873074532
-5.073777077132685
-4.557873856371771
-5.36188261667473
-7.493452159050569
-7.776726002821411
-4.765294119230733
-5.221142637451547
-6.230730314878743
-5.176634331600855
-5.311748454795931
-5.455445036373521
-4.729101129255831
-4.945428422692701
-4.6165345525987975
-6.505328475207228
-4.291708790115194
-5.5028737949776545
-4.300053779038338
-4.506926212375165
-6.475922212211021
-6.604403445540468
-3.9544544005288227
-4.461263912165302
-8.469976949818445
-3.9152087776241857
-5.386679936294393
-8.507020793750886
-4.870272181069955
-5.927986849955337
-4.869942854207244
-10.108308297850757
-4.515658425818094
-4.61008989715168
-4.252324877189887
-6.451872025051076
-5.878033366690422
-7.212072223697743
-5.769071042460836
-6.017200695320635
-4.620407343411369
-5.4576824475614005
-4.674001858921394
-8.092781898721132
-3.927151700619241
-4.423920524221397
-3.7941984901842836
-4.958030165541223
-6.645813675741205
-4.352270165197795
-4.132992561613515
-4.472442842490269
-6.232225351447073
-5.296250965039602
-7.048852204027775
-3.795608008838724
-6.423907532336925
-11.003686967621828
-3.8850056350152413
-3.8338869994981613
-9.539289099957385
-4.515110406256366
-5.678939878650858
-4.867082554772992
-5.707281034967848
-3.8332029346323684
-4.832557239535409
-4.365508178926393
-5.761801848380356
-7.221586864349413
-10.089135928311698
-12.41973294406666
-4.1804162977114485
-8.173216284368294
-5.014139492887184
-4.91303045226701
-4.370818463282463
-5.490311027685318
-4.745478583216422
-8.553306126234263
-5.399580200531187
-10.247191950769718
-4.170889457416977
-10.187019549917325
-6.714537552111747
-4.840690363783992
-5.281299986667593
-7.813738196587322
-6.129780316622377
-3.8099750396328744
-5.378804394491218
-5.97078013601523
-6.2943158077999435
-5.112431901372122
-4.869339434884566
-5.343893290342648
-7.125078247932238
-6.5627560808437115
-4.373206235277939
-5.411094567123459
-4.495290334080527
-9.245421604820798
-4.351190278796029
-5.6732373005720955
-4.208950543394652
-6.292995845239395
-6.268207054996734
-8.284506438442028
-5.166275523879548
-4.09183176545242
-5.59734001184191
-4.191527731913703
-6.033979843560203
-7.057628615114248
-4.23256319888114
-5.052236645049862
-5.9629687061887555
-6.392445756992352
-6.631353903431736
-4.944264741880343
-7.91218346959697
-6.047786399210912
-4.780161197108092
-5.422508777377147
-7.340859361166055
-4.714584145366235
-5.4382354227573835
-4.745567683931424
-6.474817915925344
-6.181932187662565
-10.110770282130149
-4.709446473501914
-4.340050722507122
-5.323990879558841
-4.245579388224163
-9.571424778553569
-5.6203607736487005
-4.893564775126845
-8.515906858665485
-6.123571205668664
-5.073303817214659
-5.62196720290572
-4.017098241413577
-7.972660092974911
-6.549722738540569
-3.7853175478175185
-3.816317769916702
-5.122764828873716
-7.020993108858913
-5.516015129504265
-6.1102075269863185
-5.51684474623145
-7.673687250866065
-7.193182850561317
-4.021903055036736
-4.374956749015286
-5.071588632412263
-4.90479583490555
-5.593965786449261
-5.090364062370699
-4.056908237748118
-5.414597091847738
-8.882069171539381
-6.088854877988611
-5.3650299849510015
-9.599773436099753
-8.320487479391742
-4.740139270440981
-4.783543912234149
-5.221192388502235
-4.31391305702701
-5.773252561859579
-5.7019448286432395
-4.273781241472327
-6.61190620771193
-5.4619614040332864
-5.287327049129448
-4.776719128827431
-8.102469166762052
-5.445121262943694
-4.65817947874066
-8.197606014520158
-5.6857986602246875
-4.069631297604527
-6.324099735842246
-4.689964696387361
-4.42629953867096
-4.283786787417312
-3.8271362315037987
-3.614431737397308
-5.444472355912443
-4.6955665839526555
-5.315012651913668
-4.0430726072613625
-4.013210884849323
-8.148385125335851
-6.764836010449939
-5.041727458525365
-4.050354940857431
-6.345718714810411
-9.48342187658299
-6.018563280286026
-5.816881267139581
-8.952284578763523
-5.236154421366255
-11.165328870867615
-5.154490944619238
-5.202794984719461
-6.666160280751469
-4.4621912784483975
-7.142309447720862
-4.051912330361145
-4.7042656161888265
-4.919613475307399
-5.116748389178818
-5.198649180989353
-5.765275915549209
-7.794110083875911
-5.860230552184055
-4.621740066294204
-5.974776971000303
-7.942491613004608
-4.520868882137932
-4.548097862780353
-6.134598238635179
-5.327153973181898
-6.6138946503448715
-6.325039995733557
-4.184414931001573
-8.406176382257089
-4.748254379577547
-5.638676618175331
-7.038295241260828
-10.039068892128167
-3.5614784948211615
-4.466164967587833
-9.151673743789575
-5.957042803447278
-6.497038795309446
-4.41016690772648
-6.47569419494866
-4.137863953430924
-4.468499387122607
-6.589167879910672
-4.99588544471795
-3.7170854815361043
-8.785525339324678
-5.223130486083321
-5.367665746661139
-5.976786732273772
-6.153455635081905
-7.726288161056584
-8.339294718254347
-9.241104469156973
-5.135153831990304
-4.003853485169337
-4.892139421589142
-4.48124143627997
-9.43774684657134
-4.462977937036207
-4.505260863613898
-4.861597141236784
-7.184255151094429
-4.305291447212042
-4.906379642196129
-5.551342755858918
-5.5130585182339145
-4.302880434536096
-4.038640297485345
-7.2354069118931434
-5.5501610206638965
-5.553952461743721
-4.144545344455841
-5.085269972697609
-5.970027120997173
-4.540077076663148
-5.98436016560691
-5.722148596898242
-8.027465207541846
-5.876852546378852
-8.329847877377333
-4.302446045883236
-5.186004862616757
-4.49493761146326
-6.4962195830736915
-5.353168268654879
-6.087394707498231
-7.935059497994334
-8.220009092358971
-5.749875362170387
-4.121308812434098
-5.29709119612892
-5.934744145443846
-4.481085846704685
-6.767596488746588
-5.179888391804123
-4.725595041848279
-7.783909326414101
-5.259955961645638
-4.7691510849565235
-6.864559861774766
-5.096686784417814
-5.547218890388842
-4.160614445214959
-5.612422731917548
-3.7000351385574968
-5.475032758639499
-6.268067916552126
-4.877036983850161
-5.229436648187167
-6.41889116179395
-6.95268591556159
-5.138993855361953
-5.932737995224636
-7.148641825489023
-7.962849100756262
-4.77372392435275
-6.372151405186815
-5.882992693482842
-6.981057468185458
-6.645856798802739
-7.143650655080848
-5.553857562285294
-6.26348223193836
-4.981515637584573
-5.195209489504574
-8.320052465861032
-6.685689716990789
-8.556847649766235
-4.991638052920977
-7.926075855416874
-7.461236455162058
-4.971688426092751
-4.480804824443609
-6.890664789729815
-5.246983120451846
-3.6659650838175537
-8.10743306046801
-4.275004325350163
-4.1372483022507875
-8.278945979325034
-3.7594576471539862
-4.756535789067059
-4.733030577809484
-4.880355918705305
-4.495245940998393
-5.9151226552529845
-5.045634780312657
-5.5539548477700675
-5.278555590436578
-6.867530735818804
-4.638120014287344
-6.419799328863763
-3.9478028180093236
-4.7983255060978545
-7.661164527883281
-4.4106303425740885
-4.663141230729319
-5.0832010990065175
-8.125397162316084
-5.42082194124534
-5.7286444353017485
-6.9058215787971005
-7.836805107578026
-4.934194421083053
-6.758668479005762
-8.105069933405076
-4.88163562036182
-5.736155353839568
-5.284659400083964
-3.985419470470826
-4.356240309737238
-7.012359553778327
-4.842474133742275
-6.682678330859657
-5.9255060824811965
-5.83382313655877
-5.1591477913795964
-3.9151364855322726
-6.162695545935786
-5.489529624647542
-4.47984729724997
-4.668584261971925
-4.047067034587818
-5.215863318243529
-5.771912476007111
-4.399626193794466
-4.51778339616622
-3.606399800646978
-4.207943032296416
-5.000803001611933
-5.192759084593405
-6.546710901862661
-4.759102222677939
-7.991093307581241
-4.545835704105471
-3.7847381365439046
-5.671202223342483
-5.663412763219654
-3.7916881997867944
-7.829294976818603
-5.32174863264869
-3.702861991197139
-4.262317935279953
-5.035948929399589
-6.320496203890849
-5.701549124907716
-7.137011045547655
-5.7115019515821865
-6.15557758680012
-5.785616924497683
-4.912051915329336
-4.79414862712277
-4.914320533000661
-8.636943855987665
-5.064229303036682
-4.278788071033744
-4.28889799403547
-6.842760239619653
-6.047765301399095
-4.453301747149057
-4.9874832682466215
-7.313252607416618
-7.1985362897719565
-3.807282395393365
-7.298719809861119
-9.376310403308928
-9.07581902271764
-4.150907309521678
-4.699695698133869
-5.056768932785753
-7.616473649983113
-4.705537660479286
-10.065577306443048
-6.359002179633302
-7.760569842838518
-4.982524373080425
-3.5715545478410973
-8.58982685315099
-8.124348682818098
-5.9966892985812805
-8.01550914476393
-4.761486901420521
-4.232614423900625
-4.44814445683211
-5.812457874107442
-6.054108730230816
-5.9126362503975844
-8.08415329940585
-4.057323790705474
-4.029031514393243
-4.887184929403287
-4.093481220606207
-4.830208977006732
-5.6748600587819995
-5.837812164715186
-5.3976121991515384
-5.255692945688956
-4.628084602145504
-8.846866800190057
-7.561890740561977
-3.685870865859131
-5.513585827665278
