# log10pgen1mm
-5.406795566614382
-5.998042152240252
-5.517290283380568
-5.735063203305755
-4.681615802958224
-5.379836601939952
-4.834199555913559
-4.473066978847249
-4.666124396852233
-7.385947872440439
-8.01367564205441
-5.1944025449133
-4.601858960819124
-4.82324896464794
-6.862922147509497
-8.910439124623524
-8.502697435431182
-5.606892219095054
-4.117509876684019
-6.325334767074616
-4.450714008895011
-7.11961242501019
-5.479416611361565
-4.4153152242961955
-5.326095464969892
-3.958164464763265
-6.156553252228688
-4.697813392841172
-6.345821787222853
-5.230399854648812
-6.862512273245491
-4.404857274480488
-7.64961721033842
-6.906910122682607
-7.463291040484716
-4.631646711360417
-4.8768181160610435
-5.520010271860294
-4.803976422725255
-6.441229046240064
-4.295773335851424
-5.053856465221118
-5.179311627982926
-4.688868731856606
-4.0839950725132015
-7.095492274963569
-7.478375628055203
-5.068389259466297
-6.015311289072811
-4.790019921374303
-7.306900734611418
-4.485002985207279
-4.323505651948457
-5.736894304060635
-8.02317682801388
-4.563394607531469
-4.683136542171814
-6.567919362790487
-5.9687257094124515
-3.5893809065380085
-5.966926168732401
-4.373048519916906
-3.6009699578516168
-5.126016150855699
-4.226171481722894
-5.86066863020435
-6.390185963166733
-5.098412434483798
-5.050981663846988
-4.512865453919644
-4.667361579856876
-4.622936972920515
-4.163664881849322
-4.649212612841829
-4.735060007288945
-4.212529374067286
-4.2516419671886005
-4.638485034576879
-5.179901048584076
-6.9401377176720125
-4.087645925908578
-5.643439888053461
-6.332546677185415
-5.460599062563206
-7.8354668719378
-5.595326344840266
-3.920660662126078
-7.692790350340857
-7.60968406793114
-6.277518769763739
-7.367759234270564
-6.59085951880522
-5.573400962745849
-8.13751462838322
-6.131368519785673
-5.3222728303108955
-4.567678470602232
-5.581244812992114
-4.946374586068772
-5.0794134741774934
-4.709782696063268
-4.927029848114022
-6.711369094308852
-5.318195473147344
-5.567257254139265
-5.0336241094836005
-5.5603470383071585
-6.503515869477504
-5.882735101323217
-5.0112313414157805
-5.122123878552977
-5.471595046379017
-4.333813779928159
-6.566572285159943
-4.751450850334466
-9.57306062552931
-5.365330003321161
-4.143915743871414
-7.275456639994197
-5.1617950060821185
-4.169806232811108
-5.8795336176182476
-5.457289280392022
-5.694424880619194
-4.909875332049352
-5.250720980906684
-5.119522492347494
-5.926653424771286
-4.129078616308701
-6.352766846139678
-4.529408999098244
-5.818674589325666
-5.357738093297135
-4.916723776212418
-5.934412425901514
-4.98015363629174
-4.877457357047172
-5.106986493660114
-4.683259783608799
-8.414399110165377
-6.651855714475609
-5.0832843277510396
-4.282283211758751
-5.027146792578844
-4.730134069967056
-4.956838526457166
-4.763506613113914
-5.26667699002089
-6.385954871227118
-5.66629804457457
-5.532767823175506
-6.263691053237128
-5.994480395005419
-4.11320418580021
-3.971728312658878
-5.896328257792394
-9.343714119602055
-6.25522529477849
-5.088013611972222
-8.071746578349133
-4.124718207969203
-8.148920705307669
-4.941418593254948
-5.356332701595181
-4.519009568716761
-4.259272509045235
-7.111723046737547
-4.4377786174352085
-5.423713366039929
-5.099857483228405
-5.792120579887242
-5.527936124954531
-4.401529607011497
-4.744351668808502
-5.440703532882809
-4.490639926020363
-7.3903107973601605
-4.446580938904958
-5.271611712397651
-6.000333803148471
-4.113854644197094
-6.428702837905203
-8.996170060230577
-5.822387486517001
-5.741396908855743
-4.944970103426123
-4.907045364096834
-4.823950748035255
-7.975842591004193
-6.370424752920887
-4.800755176238119
-3.947841448856394
-3.812186041086605
-6.742765987775715
-4.301855400061304
-3.9679777736000696
-5.027272527044312
-9.028613368095776
-5.496012447331883
-7.915199995817555
-5.218570913986971
-7.833849609277196
-5.705478817763409
-6.35847766654251
-8.196664604532307
-3.769634088201145
-6.345645729771444
-3.891855185335233
-6.214045926438678
-3.903836972166582
-5.120891576692607
-7.119632734599442
-4.865630367944441
-5.066356680912529
-4.470587335073549
-4.657263860864139
-5.852700670184623
-8.664057679207723
-5.353090197284849
-6.311379417584088
-4.224507017261437
-7.9939089068977
-5.02905224173825
-5.410787040779217
-5.271407806752807
-4.431399043110762
-5.313514848722665
-5.878740260167808
-4.007923239233045
-4.857799588686405
-4.911552749083794
-3.9480480263203535
-6.335077150868229
-3.6290107431631355
-7.2601967991016085
-5.487001938086833
-5.108200319861759
-6.4153074249628474
-9.240696008759317
-5.59947934740082
-5.432172155995136
-5.95140992727131
-5.464273302022376
-5.530491136440485
-6.228424959603993
-5.59566345067781
-4.675927737287626
-5.240059679786569
-4.636604183022601
-6.671764740817772
-5.208315964582838
-4.2508411642255375
-3.923246228976701
-9.212497493547485
-4.5325604747811115
-7.551840081553695
-3.939904466862785
-4.286337515313241
-6.178234208086324
-7.3828723150834366
-6.961670078542072
-5.119952995483704
-5.798263061337572
-9.302141121585437
-4.1598107271077955
-5.9417334835550575
-6.590115687071899
-4.790885853805389
-4.069360971666008
-7.665609140359683
-4.1113356161950385
-6.663432720751728
-6.523194847688432
-5.729934858501675
-4.364526773541825
-6.425008846850064
-7.657757960613549
-5.979393668056835
-4.368168650887425
-4.472723743126768
-4.7844949674689286
-4.6592362924017205
-8.261757435091353
-5.099762376287929
-4.777076761654256
-7.981094000665338
-5.8107691576990925
-6.88215355464877
-4.6591344257578085
-5.883764586235961
-4.823542644906598
-5.197163845224853
-5.646952226266626
-7.177514506109064
-5.060466471850125
-3.7678737897244
-7.195314705026041
-4.290507525996292
-7.525076186926287
-4.748666243722059
-4.800809971271634
-7.082018586249314
-7.6359645892514765
-7.993595392913384
-4.582587960375853
-4.6615038956512045
-5.221775454106768
-4.573799422698667
-4.743684998531193
-4.9080877326570915
-6.363195546916203
-5.4879968708249525
-6.641606386657074
-3.9405776399423122
-7.5713889848106835
-6.655706978585909
-4.60618479706918
-8.782082909180483
-5.3577619397313825
-4.445082090499249
-4.8531340657095905
-3.9330023474513864
-5.821329568293283
-5.816857665076544
-5.232920781324252
-5.427675554431368
-9.11825488774159
-5.92372088974234
-7.693819104887273
-4.918051414920222
-5.639458537206474
-3.8117881506827183
-4.495302631442136
-5.774547925523151
-5.319774396698331
-4.262842697765223
-4.494520582321351
-3.5134489144676975
-4.993177212595676
-4.922708666109556
-5.226783153823292
-4.43970099944583
-6.706208652664603
-5.4496569847052045
-7.300320852580396
-7.608924991434598
-4.4279955877976205
-9.609063545204215
-8.039383660659228
-5.8343350320933425
-4.782368467108975
-4.9245064682459825
-4.782347899500323
-5.426481390570207
-5.84648306813203
-4.542445247922308
-5.7968777741274184
-8.201882064590936
-4.88526769564138
-5.420596780622436
-4.6997424317885335
-5.248076909431481
-5.605271327472943
-5.286536673926866
-11.311935811683462
-4.908449128802643
-6.099255835448175
-4.200055489636739
-4.7634808138744145
-6.561327054117621
-6.085123530798561
-4.6324940151189855
-6.407404091943813
-4.374743900885565
-4.579898467665611
-4.528363558523597
-4.191163424461093
-5.287464858147933
-4.88406022669542
-4.678438720945728
-7.310618421047504
-3.8439093969219815
-5.767029310981455
-6.885086520753657
-4.730942290828463
-9.030818365319629
-6.335303359374157
-5.7920101194005325
-6.125635481194669
-4.975654176651581
-5.036544732106613
-4.977275033016098
-5.904471175227609
-5.248832766960682
-6.186747900212621
-5.556931980757312
-5.874765261958748
-5.053256914493509
-4.965720803297832
-5.374482853270083
-4.374292933544832
-7.9568637894013925
-4.318499708087237
-5.630334773095885
-5.927143461968015
-6.02119110542505
-6.4497391980930106
-5.126604204632767
-6.123960442883433
-4.790967056787647
-5.4349268976491745
-4.135183710118032
-4.401642639379146
-5.093474407502866
-4.380059370586403
-4.880366530472971
-6.395358101755403
-4.1808616889637396
-5.114890071820455
-4.834376531507339
-6.749739069718331
-3.5696200780579184
-5.32834438005191
-6.988781268324653
-5.628519227845732
-6.542720667355632
-4.955868336597174
-4.955211017596316
-6.145181508517948
-5.366752842595646
-7.266890663143021
-5.204147622590825
-4.835024923996226
-5.2552399179359
-7.56957772658184
-5.166164295688782
-4.584296073568544
-8.218570555482076
-6.938362892659545
-5.534529110282229
-6.587541557190953
-5.979428009065432
-5.042420877357589
-7.251248466688389
-6.357133658567675
-4.510075699747839
-5.378052105514221
-4.7166255178152445
-5.468748139023135
-7.230394647902933
-4.356577324453808
-9.343604905580722
-6.181845505361545
-5.1857498244737625
-4.9761802860892015
-5.751173321913155
-3.75686539410944
-4.743800581051712
-4.493850313420983
-5.084566958019993
-4.806292827300709
-4.303905807686305
-6.277501741793332
-5.479232682077624
-4.640916532108048
-7.726924962496202
-5.21744239802296
-6.50675924678922
-4.7028725994535385
-5.914253985233932
-6.014514053284121
-3.6240261018832163
-6.6564357999237505
-4.59946392440366
-5.734250840911184
-5.379297902000231
-6.9906442486809715
-5.332189167839839
-5.679698595079501
-4.029031514393243
-4.966562142242572
-6.117315788295936
-5.876684642703274
-14.198582673845547
-5.742969096253623
-5.867772618093176
-6.607697961835646
-5.793359921030595
-4.669781264876859
-6.93318219090868
-5.384516859921778
-5.7525959574750845
-5.500758675172859
-5.5293325226100825
-5.158134189927987
-4.377549480667494
-7.715340192259675
-10.05962362042395
-6.793720799719644
-4.177531622322642
-5.340412230251161
-4.301399977108371
-5.526562099551372
-4.508045221080108
-4.567634637839854
-6.071843514161451
-5.264842623796583
-5.595263728247451
-5.76361486919997
-4.930986239699751
-6.5865240411226305
-4.628701654976521
-6.15987671600879
-6.093881131980124
-5.417852503822137
-7.322151998599329
-5.913253522266618
-6.145488892914143
-4.734696822001255
-4.151804906676177
-4.576003871418397
-5.8797307727260915
-5.436344521175646
-5.3895993971515885
-4.080725850539312
-5.461570079854366
-6.133496669015578
-5.588744123731309
-4.8551429685432375
-7.258367802395673
-5.531345988922013
-5.411537248890215
-7.577185639592796
-7.110094764934428
-4.877358130841724
-5.8916770990284135
-7.850761990653694
-5.904216768415613
-4.748303995432165
-4.671149765536035
-3.991854989647847
-4.8079094088830026
-4.958014313019482
-4.324848365194494
-6.946877204728153
-5.488109819878955
-9.615462077333229
-4.79743539056969
-5.3053450983903945
-5.395917537955895
-6.595888399751237
-4.204562110063161
-5.968214379596311
-4.110240427910058
-5.717433812303856
-4.16836151797716
-6.339804563435922
-5.572701907302503
-3.9217726078315702
-3.885823580411197
-4.953198329920736
-5.648898330255665
-4.26941943722979
-7.514823401341246
-6.51835567464787
-4.826956666693097
-7.084562760842316
-6.6110485026335875
-4.572245276175461
-5.3710578377119305
-8.023359520904732
-4.942039079316944
-6.3026310303020905
-5.719409232174466
-4.202219301544177
-6.1025183405151004
-4.274959466629937
-4.821033385272533
-3.9111218473283915
-5.6608794882954
-5.02638259575949
-8.779286681586234
-4.901864265857562
-4.967135380402158
-4.592747441569276
-7.039958622799264
-4.078670636324071
-5.6815711762912136
-4.8076698522790124
-5.616581603336629
-4.257890497135133
-5.7636112082561315
-6.673103191234464
-4.206852441606556
-7.641183565164962
-4.360114172276764
-5.48321524116444
-5.586718051139299
-5.864882217325666
-5.816499784464202
-5.151089777696396
-6.333602227884261
-5.049444206425389
-5.227408927878509
-6.345389176078562
-5.004561593060966
-5.947475711265239
-4.697101876925026
-5.441292257392326
-4.81766741230938
-8.935375873817923
-4.9214881598333715
-4.269231496396046
-5.30752120962631
-3.7305409788874107
-3.9566325934106805
-7.633001851670276
-4.7724575190134155
-6.218798101617093
-5.234590614287839
-4.089665269845479
-4.891153845067583
-5.4681078446782525
-5.247673086129509
-6.289021860035076
-5.088879198035436
-4.702336644149185
-5.763265621891165
-6.2505278157913216
-4.441299181112808
-5.463493335458313
-5.651756053345677
-7.852484317019282
-5.8140312671999075
-8.146538673224835
-5.619895042900392
-5.588853632381094
-6.036630778805811
-4.573056059435052
-6.347230266680349
-4.278779892308028
-7.584963017817106
-5.336735728689618
-5.435696301007257
-6.09519085536764
-6.375874968272556
-4.392529819459169
-5.423542325849108
-5.9943973792109935
-4.83088863519012
-5.138917810502577
-8.897288624350466
-3.825696094232298
-4.94949680684313
-5.275576847558637
-5.622762189287223
-5.2571070291772015
-5.004992789098241
-7.3161709100422145
-6.72543976822516
-5.534065052127515
-6.297909606758476
-5.832378354743477
-4.877319772228456
-6.137086007302921
-4.908309727906797
-6.4461383936541585
-4.225197609653329
-5.37606444479062
-4.382718913345968
-8.672825539580694
-5.081336253677042
-6.405081413834696
-5.343193142078006
-5.608137672411308
-3.9660790167332522
-5.741463008975765
-7.269783591651678
-4.417048772080678
-7.139601521396417
-5.643060839482986
-4.073287528568586
-4.011671305841342
-4.999311094039775
-4.599171425528295
-4.671906043105129
-6.214236306254188
-6.963382133199987
-6.213629200935515
-6.629393675715175
-4.792579085753714
-5.277556218540277
-5.337593864551244
-5.193605627771588
-5.318879780194297
-4.60950258182355
-3.7027906878169206
-6.297109873572149
-6.259820247625488
-4.4149971104532595
-5.987214448819008
-4.9626636469578065
-5.522904204913417
-4.86550737423242
-4.9495976330972535
-5.547830817648202
-5.281016517755086
-5.093287379574111
-5.34322976926908
-5.5732234162894985
-5.200326382393786
-6.171038339136612
-3.6967868113937143
-4.026997370560539
-6.076778596679893
-5.385136812720655
-3.461020137612769
-4.882107689646755
-6.164920186062993
-5.891965551963138
-4.532624865007205
-5.77182597230018
-4.223088000932632
-10.013301945605015
-3.933932376834944
-6.469899671541176
-5.8591232833990095
-5.037419850895463
-5.057746776867542
-5.960192435026656
-6.43247437442914
-5.119687583905194
-7.486578124112574
-8.846022395436375
-5.9571360469453944
-8.854527262557138
-5.880870457368045
-5.078155879288508
-4.147926011304415
-4.750858036792205
-3.8631146900697013
-3.8806339277731454
-3.820200864893872
-4.79988466265799
-8.183270968657022
-6.056745148184558
-6.600878764924461
-6.441597261099038
-6.760389656737631
-7.004531459095801
-5.605652830502845
-5.13041359541685
-7.187805874975792
-5.149621089862622
-5.665279798025235
-4.850418028566829
-5.330726804309678
-5.806669110256537
-5.975902379054184
-5.128351997788687
-4.6135694048471745
-4.817869899694733
-6.65201988057346
-6.706019877002571
-4.741618566026967
-5.280425430637189
-5.066128049936135
-4.951102145765913
-6.3308267250150685
-5.106830440617842
-7.732550286122995
-4.785256874746047
-8.162148286508467
-6.696843056006602
-5.961275450157469
-5.16802024969728
-5.838924942433596
-7.100346292292906
-5.605586515122071
-5.786586948254382
-6.265148108589486
-4.099806915481974
-7.360133957548117
-5.839244166780036
-14.882354623128945
-6.43445847472353
-5.592741878303468
-7.268790793730561
-5.227115032437823
-6.344352010834221
-3.6850819295438173
-5.805178072780171
-5.089847476981467
-3.846828997557261
-6.392566223334041
-7.023841372807931
-4.601814454648376
-5.4132039383667285
-5.333533393021256
-7.051350805633888
-4.015712761916892
-5.307037420044107
-4.3103840777139
-5.267417080214118
-4.977708992552493
-6.0742851784616
-3.901985969645788
-6.726646529447094
-6.307491101741504
-6.303496797854275
-5.657673306799902
-6.262822831629338
-5.103238913425867
-5.640831397108998
-4.94972384447357
-7.112343793218864
-7.151239360421529
-5.724507927618495
-7.250776774072183
-5.794810788594445
-4.585188772833244
-5.38597927387055
-5.26024876135084
-5.055222184283436
-6.831699651630765
-4.7750379998916035
-7.226392576777888
-5.283542169346482
-6.021428639765484
-5.53262549819487
-5.309077352016411
-5.479736486907542
-6.490041332868875
-5.5030755729399905
-4.743331610836621
-4.6159907413076775
-5.053991213220547
-5.076152754445122
-5.026350343640865
-6.625271185476065
-6.520221776779938
-5.545590825678087
-4.91364456452076
-3.9970732958631547
-4.799013278551358
-4.877017405159927
-5.380682077028334
-5.606890611822908
-7.2782160226827335
-4.898281182529743
-4.223874109669526
-4.503084844663254
-6.12689203021248
-8.013389398933617
-6.28770920132469
-5.299235927547768
-7.8385293578488
-4.750686495095221
-5.284705879765566
-4.923994779397755
-5.393317461901929
-6.475326521895107
-4.044348090290757
-7.64751461638872
-5.606453487505654
-5.822686280004778
-4.287562966476212
-5.457177346813569
-4.677334822363892
-6.257235606378101
-5.348887431581322
-12.649886568748038
-4.636308995367161
-5.311065767417061
-5.023748577574539
-4.988543520791647
-5.992329615192453
-4.8751898537384335
-4.956297270296113
-4.293022410723009
-4.288225089292257
-4.72676028219567
-5.0297076999204275
-5.268549558718094
-4.551891905076284
-5.503191020308318
-5.396323432892698
-5.699227446371113
-5.060517019521941
-7.097000035260072
-6.736021490340775
-7.155667181976961
-6.840443026774523
-4.91472465761295
-4.543361009305666
-4.6506888435803075
-5.266530860941035
-5.840113873033163
-7.256083181796861
-5.557268797154178
-4.970222820337241
-5.302030997831701
-5.763913140189
-4.432549210579874
-5.25727963731841
-4.70323655995685
-5.450602115531835
-6.573958931168781
-7.342329486710219
-4.815273919815006
-4.044154661593223
-5.044868812272748
-5.44389105139717
-4.664398543835172
-7.246721849426766
-4.7548777828616755
-4.435566491082414
-5.147858385334281
-5.3530054873985025
-5.835891814570478
-3.9603642883038814
-4.259718931195953
-5.479893261366969
-5.224090882894228
-5.485962814420686
-5.009516509726626
-5.408949212300235
-5.383519723511893
-4.784081367979969
-6.126201169524833
-5.5391356623137
-4.793192971594666
-3.600350357185218
-4.7736631897017325
-4.009679977454715
-5.802457506353006
-5.68681726154734
-4.891120329322611
-4.964489306828433
-4.6970869839220315
-6.283988902174259
-4.262761562509042
-6.073130629778753
-4.666545933129177
-4.427714934396048
-7.630267000040595
-7.31722067217629
-4.08530096729856
-5.28755800594634
-9.034613837374323
-5.400593871337995
-7.934991204932704
-4.5662758692838725
-4.886727026257892
-5.677142229592371
-4.838084760882877
-5.632541261021732
-3.991331806621629
-5.081404081863344
-10.265417955401617
-7.589029847801843
-6.825746110920093
-4.563985100429193
-5.6914607300439926
-4.3465748046540496
-4.413975751890424
-4.9387723765335805
-4.921288425367523
-4.72646530342943
-6.503973613005255
-4.601987769245498
-5.732475127573011
-5.4616060092829795
-4.565248130897529
-5.401688311023105
-4.923569227101448
-5.117309602456258
-4.521104905752842
-4.892815975372883
-5.56057423186673
-5.6114341678364585
-4.479266490333789
-4.574052549724935
-6.607808613344703
-5.158915041311661
-4.869210278370747
-7.033001457332786
-4.8776229042713535
-4.7966721350615344
-6.2155035243453804
