# log10pgen1mm
-8.04053538560733
-6.180599180194809
-7.729673029457209
-7.175616291608122
-8.388498001621182
-8.225364232588761
-8.574223200761264
-7.22701108533955
-6.185901051878606
-8.408363266317826
-7.023677411770063
-6.948100150119767
-10.533773346445363
-8.836344426369473
-8.716946840937707
-9.180658796720207
-8.126184358772136
-7.236313046836533
-8.817630770827842
-8.580546374835576
-9.307079380180616
-10.48505283830255
-6.553704125737725
-5.646008538470979
-9.297733724055274
-6.098820631811969
-7.793987030834767
-7.100675053783218
-7.8927064496233825
-5.772435394227185
-6.158616592968832
-6.123719467256137
-5.974868716440986
-7.758251087896398
-7.089167747153146
-15.671927734181486
-9.475011182153478
-8.82895298724882
-6.660169717154465
-7.1947618817883
-10.088488190797236
-8.743471382213755
-8.021571571435233
-6.4169327724784155
-7.7975729560381755
-6.984989553650042
-6.620661553911025
-10.059091615448574
-8.034151494855669
-7.936393674533814
-6.836116702884124
-7.385898865051727
-9.735421251789004
-7.386092316177987
-8.363818343149157
-8.003743584617412
-10.154790367763258
-8.285185717351485
-8.345767492551957
-9.55425424746082
-7.5028678382811895
-7.449185830366206
-12.09853350562351
-9.488188199355564
-10.704963566720778
-7.494825149005331
-6.303049905320428
-6.5872131954144395
-8.19886037716307
-6.435231184699487
-6.525455439251305
-7.702390568575475
-7.499469959601612
-6.955035474051229
-8.209376401863823
-7.102423470598374
-6.120472590686287
-10.113839224232475
-6.377369975877048
-5.365794341884416
-6.377547786827017
-7.897305657168166
-6.629754218221729
-6.537465008172961
-6.661109090462658
-7.639334112596969
-7.633788767697537
-6.124920533306866
-9.955771424648818
-8.546015185816632
-11.539301844160605
-8.564872499239508
-7.975801456003755
-10.320786741036976
-6.608928688332414
-7.801593666468969
-8.862890082339945
-8.557020607491843
-7.286698802310268
-10.41846862641836
-7.567469958425912
-11.68351504126298
-7.483740210594411
-8.686640703688491
-6.412446923261318
-6.5678326078513605
-9.287774596994108
-8.227853247092838
-7.723496811975903
-7.3981918167022584
-6.876687182628429
-9.892678938153487
-6.625641644291122
-8.91397667818731
-9.689689890120126
-9.810276630316741
-6.37518497068554
-9.746273868538294
-6.936799440604534
-7.681436342606483
-7.469429068886692
-8.015623457521007
-8.557180958567452
-5.835827606667209
-8.326854361906706
-7.240983755210888
-13.03006756212526
-10.407874516726107
-7.233172133871302
-7.7948733638655545
-9.072735022508551
-10.69667606393914
-8.827742206754046
-7.457780617634814
-8.823052052994086
-9.330409851440134
-8.389903011842707
-5.906596161213279
-10.523113148142532
-8.379831046515068
-6.484887523819085
-5.673640530450631
-9.95908511249536
-8.285143025615838
-5.290142709423521
-8.245952497955622
-7.587026381570059
-12.096401671268593
-10.036033979922253
-8.106623243510972
-11.54810869372647
-8.351486706202861
-6.627258952770631
-8.422697959401088
-6.914555011433075
-9.936921551671
-7.015484275843016
-8.73325944438721
-7.066882136087576
-5.482176290072299
-6.972591502623857
-5.893225006730398
-10.80850824348389
-9.238242250859656
-6.968595998382656
-7.241796199610776
-6.25755740910872
-7.86092020678971
-7.469180254346072
-9.25987011592864
-5.392865299619003
-6.603331798617122
-6.846262923286473
-9.18012244504233
-6.365684102747204
-7.536947263851139
-9.648965002180764
-9.31666475309328
-8.01891316802707
-9.07050768395817
-7.4872456604316815
-8.115738988912511
-10.87919520274119
-6.765077306122988
-5.438368551408737
-7.066619329222488
-10.406847863699344
-10.042711110673386
-7.729739344132391
-7.49141720736541
-9.265394163859922
-10.60162334162803
-10.22329746233219
-8.611249902086652
-8.04178910749012
-7.393894848415953
-10.958460545150983
-7.028021011721431
-6.54093909928571
-8.289457184895745
-6.759944702383228
-7.263267076340931
-8.210203139258414
-6.251192524744643
-6.422225609463828
-7.16327029304275
-10.824272351563133
-6.439142939741324
-7.521414587863965
-8.99339513621697
-8.082615348112332
-9.293144300914413
-6.277326366758068
-7.319507370380047
-6.858824527613206
-8.01235904200674
-6.465042591594507
-8.42524713769237
-11.212058992837088
-7.791979036567209
-7.935801983753462
-7.222417939003183
-7.888479651721268
-12.611941349214602
-5.623391882214502
-8.122841945094727
-7.87338112848927
-7.596590530075887
-7.457919174957606
-10.382679067340096
-8.676489460421584
-13.247619096081884
-5.6102104120652685
-6.667846187863485
-12.030601760029997
-9.837097915944128
-8.604071613298203
-6.9056733187210915
-7.212995661564924
-8.139816976423207
-8.72760882626099
-7.150935126064169
-7.060064687670408
-7.885036324187726
-6.593121268294509
-6.081925880587381
-9.481665937730101
-9.254523061146912
-9.219326119709244
-5.775076024027421
-11.259594831790526
-12.069145536115215
-6.24665379863526
-11.245077779090254
-6.856109826402769
-9.660373633015524
-8.251642885690393
-8.83887043963703
-7.7181190765249035
-8.458723738332415
-7.7677512396736565
-6.05525683284787
-9.605061466476757
-7.882139100107825
-6.441407299394683
-8.780693576809423
-5.869971190001597
-13.622137819620134
-6.542749445436564
-8.557300508517832
-9.520778763391931
-9.355211165362597
-8.578181287227896
-6.68285518623797
-6.884178985291464
-7.113139849695735
-8.367090865644808
-8.066853512267251
-12.232612190688373
-6.982662968052707
-8.911452625201566
-6.745533379218105
-7.142339865423514
-7.269400768349539
-7.689757659740119
-7.731969207716416
-7.728704070029096
-8.006556738095474
-8.043775535952195
-12.419970269146251
-6.526004888943491
-8.720116902172974
-17.006058103713762
-9.618192899468678
-7.745078967860694
-7.92460758880921
-8.395046410478415
-5.190653255939477
-7.594439802907096
-12.158189253995777
-11.301588910744302
-8.57652701978246
-7.516817126913751
-10.246156209452144
-7.636228754534535
-6.690181866670796
-8.889804115505619
-9.815511109962168
-9.803914952006792
-9.772994102661798
-6.678480996634784
-6.317066849901849
-7.1626095669399
-9.258680283525619
-9.361404717037896
-6.723798173493264
-8.148397055809262
-7.712361813069134
-7.697257329561321
-7.806068476678759
-8.921494976256682
-9.97189055770515
-8.543430403585276
-8.263515602189534
-7.514224519587728
-8.292244632888162
-7.937608347310549
-5.481241803154126
-8.372617748289755
-7.436943360133296
-7.6499261184535285
-9.144866302881237
-7.48274250840228
-10.22237459674777
-10.157396604398004
-5.841791255367033
-10.172508213157919
-8.44623251644182
-5.673576438504317
-7.331262710237263
-10.370152983300335
-8.447523187866297
-9.146262895987519
-7.34278122628852
-6.379161811034638
-8.397420837837963
-6.420013225191925
-7.152871924740846
-9.20321839053653
-8.807671388972024
-8.336002971062484
-6.555931033211631
-6.306584598996786
-12.31354079850906
-9.384902068610865
-9.882193397493838
-7.115184416346887
-7.691383140585325
-8.47144587020368
-10.91412273656043
-13.303464502086888
-6.498016553184053
-7.8149185729233475
-6.700123143744685
-7.919714899914277
-9.150852704699792
-7.750953190556659
-6.988085072484511
-9.991892285885973
-6.642842839925734
-7.466202955422304
-6.904243172573278
-4.811650324519216
-7.159911527339227
-6.650344642421258
-7.0692116876074325
-9.40731345907575
-7.399741802487327
-9.884242325285351
-7.8192472101895705
-8.776538387348614
-6.919999564103361
-8.302304546436943
-6.807093310430602
-7.981210942152143
-14.048667243986234
-8.851224456092213
-11.016952486148707
-7.2760318424202755
-7.496661586944942
-9.52960469045128
-8.544979539237985
-11.552708799333786
-7.071912237340873
-6.634633417408223
-10.571311692561903
-9.768458299252714
-6.1249406241152835
-8.33198051703376
-9.107173878144577
-6.468466303931187
-8.227715350028221
-8.81072515402224
-6.962938352632059
-6.931362491260333
-9.473367318230013
-8.115488669039703
-8.613629853575338
-7.137516235980581
-9.026820635210793
-8.162640504574563
-10.296076897321276
-7.098693453425318
-9.17835774268414
-8.037720473114595
-6.504869064903998
-7.662860595053606
-7.529264532623763
-7.375316723190272
-6.967022900225983
-8.501984986221707
-13.051612441522142
-9.019115411698754
-6.500160518739948
-8.385346653152792
-9.538405087167781
-6.374895920631061
-6.371501546616096
-8.096728932463959
-6.680310924136412
-6.3608095962163995
-7.410775422568965
-9.761755119296643
-9.001550989700943
-7.536716733890301
-7.116763627238112
-6.793482878036677
-10.56338172141079
-8.419631207562475
-12.675538111672221
-12.854697520282562
-9.79478258894751
-9.635929729668627
-8.241209178307942
-9.197200069100656
-5.716306004902379
-6.875469205636656
-7.048415281879215
-7.493592564146833
-8.614610771298853
-5.81232886886824
-12.020838397031659
-9.696596828818434
-11.306457023156367
-7.04401199836781
-6.9356733251153795
-9.235526124687965
-6.007077661478265
-7.882686415849399
-7.955608062592102
-7.857552670977498
-6.5894045869177065
-6.51904477305291
-7.614723683604425
-10.693728486480868
-6.317901398581029
-7.760923046804507
-7.973215644648777
-9.889426174678347
-8.818147518466798
-7.378257320911937
-9.34108899255072
-18.347991569319504
-6.615945715113813
-9.524715910702628
-8.97794156984656
-8.303361927019791
-11.359877783684553
-6.251923313430038
-6.761155715039606
-8.855555484057877
-7.337204714293734
-6.770546535562334
-6.935835902731693
-8.659185198749663
-7.3650980888916
-7.506026248871734
-8.823657473013297
-6.203096198797759
-7.183756873223825
-7.861530615505911
-6.965069061016732
-7.84417996465049
-9.910960570019245
-5.766520676530509
-7.321679601044576
-6.150270400310648
-6.330130052528496
-8.850876038892602
-7.322078640255334
-7.122007698226852
-6.560871448552132
-6.752411532187484
-6.118118197739428
-8.340197630794824
-7.776659238439375
-11.538584382692843
-11.952887399198724
-9.780662408342462
-11.518911306886691
-9.080971698226714
-8.29570234761323
-8.838780715493055
-6.779047759486134
-6.1631673655130506
-8.910716222928825
-7.865860431153944
-9.82904130434344
-8.182924783604793
-7.525652337134894
-8.163757659039225
-5.856439516140145
-5.91105321273703
-7.43011156590003
-9.843426266498993
-9.545825120208676
-8.13820133824064
-6.592727617237403
-8.209626057535417
-7.749802872990085
-10.636697859162268
-6.352591652644462
-8.51362201469896
-7.7197802928505945
-8.762648784271265
-10.741963326428538
-10.54809553798375
-10.661961301742844
-7.830960597142164
-9.628039779364787
-8.643297613559355
-6.730791908915617
-10.681981059237584
-7.147116244673894
-7.728114522560821
-7.8852417526307415
-8.541326610536343
-9.505949020366916
-6.983099161215819
-6.081754029643898
-8.085733505287793
-8.146730062313763
-8.581081110572274
-7.165781156651359
-8.59455971681819
-6.536926105039352
-8.890436282247506
-8.024474863238112
-7.246215143927984
-8.281854442914717
-10.480803866531376
-10.614367581905125
-7.897752463919227
-6.821903977940185
-9.37112603399701
-6.4640076650334155
-6.420227230037974
-7.985082164987196
-6.29308671218758
-6.931898242796992
-8.400246253840374
-12.540652396579725
-8.27574331259807
-8.662076705850664
-7.806512911375907
-6.163481409774581
-7.113667074655285
-8.970703985884679
-8.622663941797427
-7.592425766753068
-6.93221073639656
-9.457899549540823
-7.552950806526741
-7.018832336250996
-10.753416508051126
-6.526878484351293
-7.113733435794262
-5.441400279793588
-7.011990748122475
-6.12619717273263
-7.624670006125948
-7.601476291490983
-8.43625423902294
-6.867772872587218
-10.128183551451341
-7.818783954706667
-5.797437382912784
-7.189548772412113
-7.698019327784377
-13.445732579617143
-9.154191787669893
-8.266264497423052
-8.968377991977022
-5.910645463481062
-7.2148488041390335
-8.171009531170288
-11.505452524208161
-7.854179050636184
-8.221734162270982
-10.795594253734007
-7.351815439767958
-6.803401321386825
-6.36651534868502
-6.9418817439751646
-8.011587157367305
-6.878817336728474
-8.35121160067752
-6.754728565689943
-7.159896114623075
-8.988208285977906
-6.698941745943094
-6.473974251023983
-14.083111813944578
-5.871127165727477
-9.5826727200716
-9.200534231977327
-6.780498430052546
-7.247171897046527
-9.204305164083953
-7.041969048835888
-8.16997289682581
-8.995259054939035
-8.285568844936899
-8.337232708310811
-8.568915173859834
-8.169427657017708
-8.9144922970182
-7.03247809552382
-7.582025021100695
-7.231369514047732
-6.360620682432383
-6.945742102473853
-11.40052242227175
-8.11808530392803
-8.126261186854325
-6.547462604876779
-7.907974349187177
-9.5506932597757
-8.30602175849975
-7.375616494845691
-7.377536699798151
-10.478923152079734
-11.431725586480612
-7.716042919687584
-9.44213713506133
-8.878923556369505
-8.52094308411639
-6.079286861671274
-10.098553666923127
-8.742126877179379
-5.773519788608979
-8.099162657150336
-6.464770065448517
-6.420578563815213
-7.263171186424463
-7.290894467228207
-8.783150664668398
-8.816565052545705
-7.526209917037222
-9.753696523166276
-7.408593651024417
-9.46219856209847
-6.939378750917164
-6.945840539062981
-6.257411823622443
-7.599329019880434
-8.235532405185058
-7.4015922427810255
-7.111461026838691
-11.747578391843621
-8.147952223319555
-7.2293594028000845
-6.521478870235419
-9.389991635430002
-9.469833108126423
-6.52574773427008
-7.397307532894917
-7.37311523684059
-5.606631386593604
-8.686481683276156
-11.036210077906995
-6.71135233956504
-8.068524991150746
-6.801344489244539
-9.417409434329489
-11.210251536817397
-7.057102378382041
-8.144083653258253
-6.8597094225018225
-9.466434111596131
-9.343202300851154
-11.041378647747255
-8.130279814067679
-6.846657437018057
-6.344454714895855
-6.7021268330409685
-8.209577467727264
-7.349005150844979
-9.45428912326406
-5.970708347221081
-9.079188749534735
-7.030847838435853
-9.551065824346768
-12.415951673064477
-8.647021022226935
-9.41655714330838
-7.82509181427908
-12.923709418098094
-8.178840965725625
-7.061605326137723
-16.215594301570135
-7.6260745845060045
-6.716352333192179
-9.828122606223227
-7.202655677602146
-6.861239754155973
-7.479393946584409
-6.330299797594022
-6.7584708187367495
-7.221819341352764
-10.394824896553633
-8.217496020270104
-9.12728914472394
-8.916986428486146
-7.282212652965403
-7.624717894792959
-8.675082910640286
-8.410523676985243
-5.773577880443268
-5.334791034597046
-9.426404557340009
-6.570691401042131
-6.124363178206362
-12.973765515818041
-7.064017019055678
-6.563970384025609
-6.937721030740332
-10.781460675996554
-11.54064402481011
-7.9874547248398535
-8.644633423828505
-6.178272208800652
-7.36857832450811
-7.477733581096574
-8.434449137373038
-7.040787440431629
-8.771932082063916
-7.43534041736628
-9.511493623580972
-8.947978038731847
-7.409198550514941
-7.880063889664022
-10.150454988137932
-7.802216876128164
-6.609036064997146
-7.52077998018027
-7.742461294805458
-7.75991487169571
-7.152746788754093
-8.737302962035196
-10.762145955955303
-8.342089633043036
-8.730493031590314
-9.936016711170508
-6.631442824379851
-10.524592659016887
-7.051278481263735
-7.595709512512741
-7.896886717636407
-6.587806948907993
-6.956766235763448
-6.688321414413427
-7.934628933794328
-7.6968670991831605
-17.228674792328484
-7.699519624543607
-7.265815039304167
-6.37967694315706
-7.759469027027198
-7.933954793162441
-6.436759787726549
-5.868784204105967
-9.844557326825134
-9.581763180829675
-6.358510348282411
-8.163348371768496
-9.894764584181411
-8.603559472825612
-7.673874494012183
-7.1690180156707095
-7.3379946484718594
-7.18372350685435
-5.994062785854097
-8.207265194032281
-7.310303500795254
-11.597461160300346
-4.5196704627161814
-6.78751385374159
-8.598880946698852
-7.107702257772633
-8.256728560149398
-6.279200617692154
-7.932346003529724
-14.506516858686172
-8.87939836034409
-6.9356098603550755
-9.349853703142673
-7.640839904493784
-9.412985016750708
-6.6484938661447135
-11.239283804221587
-7.916623261358292
-7.6663596463741595
-8.699911480543385
-9.692042122362933
-7.466281133681928
-7.35412162292406
-9.191161736233806
-6.99251875140462
-6.539387246123351
-6.630532778627709
-7.203512800403937
-9.253369935032415
-7.369015979619327
-7.519351453164469
-9.131881197127878
-9.471488329479355
-5.916557102013676
-9.648622786582939
-8.471642285994928
-7.750414134126561
-7.37257936225253
-9.351951297333388
-10.027249844986756
-7.4000842421630795
-7.879015793529368
-7.6123195807664965
-7.136034463008027
-8.061302782291081
-6.093295561335755
-6.7741730731132455
-8.35385333843599
-7.15124618139393
-7.522117201225714
-7.4390702924197205
-7.188081065216584
-8.695004605661115
-11.441386470192583
-7.1001528061034245
-8.267678624770017
-7.259523397833802
-8.55655972562756
-9.225345479751704
-8.377176787664565
-8.07058405369641
-5.7738633755642335
-9.801054643857688
-8.700516080284508
-8.711121659810022
-9.393725646994735
-6.920533021450175
-7.950002574031189
-11.306617554096464
-9.84757899828886
-7.382200408731266
-7.261742986298865
-11.61526678168848
-7.505614554913304
-15.551601424978644
-7.134812767315895
-7.241686056453493
-12.623779440563554
-10.801717035852597
-7.675930120942351
-7.403486787946703
-7.024803020060478
-8.520940433597575
-6.663798491400707
-6.420588165039471
-11.371663009684587
-9.711552198791374
-8.217329189789298
-6.657178841238175
-7.692333435991171
-9.796088641871517
-8.38112063763453
-10.718936124522015
-6.4568924362912306
-11.234115745166374
-6.620306779163308
-7.183155520537315
-6.584040028914778
-7.002082959817729
-8.72105528798804
-7.615945664689121
-8.006885464724185
-7.505623825727549
-9.194186781472867
-8.591277657319067
-7.8415190860377075
-7.061837037496991
-5.699484629793899
-5.358058816265531
-6.084957495968825
-9.818525479441346
-7.143085622449645
-8.746806065237637
-8.479067565067401
-6.379282260331427
-8.345544443280486
-5.6477391029934445
-7.663984680995238
-5.789337569573905
-7.33993991061642
-7.374757108759566
-8.034668934970444
-6.836487518877571
-8.081817511439084
-8.679690295135035
-7.9918460617450675
-8.480033458560783
-8.84825952270678
-6.510182387069708
-8.268674976818117
-6.86546217535113
-7.393171000368076
-8.893477313960545
-9.22107124501892
-9.294133250652228
-7.990417466821745
-9.164436563502434
-7.167736702915764
-6.445519860200988
-8.446504641616468
-7.23001761763843
-8.830132726762677
-8.76724364768922
-8.67778926094224
-7.368242135560725
-6.620262228060149
-9.406720386085526
-7.179375843795938
-8.503027845503462
-6.8551696564499025
-9.407972634619693
-8.221171144624035
-6.287611251686035
-6.646178087107638
-7.9028133648914345
-10.301528507713524
-16.038623126002093
-8.692605605894927
-8.891171587400363
-9.061188457320448
-5.779314916227571
-7.0630677208586246
-6.9311044053419115
-6.553271651675534
-7.224910286227237
-7.676482922899241
-7.522619814506144
-6.8896255660989585
-11.801222401951406
-6.60740170255588
-7.235967744339106
-10.709365655692594
-7.901507579028526
-6.112111030018701
-8.538724269844725
-8.034723244564152
-5.86439390007691
-7.561273035732222
-10.0337714539198
-7.9543370438376835
-9.853941410295722
-8.027343276220444
-9.400536023086456
-5.594183217030443
-7.873582861163301
-8.147420599064372
-10.66830843147458
-6.726777880139759
-6.520718319595177
-7.003026410764799
-7.817469198287559
-8.11697499465016
-5.789232096630683
-5.9338581250101035
-6.591425567050628
-6.927349672068709
