# log10pgen
-6.79833096080082
-7.924131977027906
-7.046065981575302
-7.980981488023842
-6.542552277389104
-6.486362727675818
-6.44416468610971
-5.652539206065743
-5.85158468994974
-9.38922922089749
-9.729211444158953
-7.21436659375855
-5.745238124992371
-6.184215278678516
-8.750980431214922
-11.535854085171842
-10.863117121712254
-7.180032259761481
-5.580378815939686
-8.014758413240704
-5.532814463078688
-9.06480269896219
-6.604645158499005
-5.748926927090169
-6.858607424651702
-5.528694788284758
-7.770808637937487
-6.112524989865625
-8.575265311970092
-6.589137482357604
-9.134086336008384
-5.696096282030434
-10.14200504709013
-8.707719597207106
-9.493732916001433
-6.80034475176487
-7.325641157112813
-7.148675142570804
-6.764087869044637
-7.946956741214178
-5.746080782125827
-6.641290298143888
-7.008786653164395
-6.043483015284494
-5.709301077842502
-9.358381002778655
-9.063958421101642
-6.689950767892456
-7.7425756033250455
-6.147883389144921
-9.480966689600153
-5.822185138129423
-5.8111202282170025
-7.521680345127621
-9.798880324190742
-6.018412212809373
-6.184664166694621
-8.118118805359682
-7.842603439862593
-5.458063744086362
-7.489012417666067
-6.055792575807623
-4.614678348353482
-6.847775517470653
-5.368507961040096
-7.613976788959055
-8.054510956149919
-6.576992728187899
-6.609921802879377
-6.139185773741304
-6.032682737568912
-6.912436555073013
-5.568247899486284
-5.984553326923877
-6.159236625394921
-5.84048124263652
-5.999842904322076
-6.309745883710526
-7.3381689493351425
-9.052534351603418
-5.393704832742075
-7.689502933137094
-8.309955445324102
-6.9118504037704405
-9.57125484639291
-7.183848899025206
-5.222497607052007
-9.81024497708352
-9.798892599768468
-7.824576418622223
-9.322271099770715
-8.655446998892002
-7.144019319776282
-10.662578447084206
-7.66975851422332
-7.040095392192818
-6.284395777993777
-7.3104971850993445
-6.538855291058238
-7.5909662270932
-6.3718925506359385
-6.27111049062689
-8.21634355360304
-6.970201037440091
-7.246646005845196
-6.6365077166062045
-7.294252755244175
-7.8593215517294945
-8.021024118901364
-6.598514142800396
-6.229287315424284
-7.774770034058329
-5.525294474430605
-8.352122149365632
-6.56980037500697
-11.365618499948347
-6.928480414044785
-5.402078493911776
-9.22025099426188
-6.710341516857974
-5.334350976354345
-8.176798426033955
-6.999448791023061
-8.09691403564729
-6.2960654534353395
-6.850742166362055
-6.723871030329638
-8.048460023437338
-5.437411099090175
-8.591003427959047
-6.019754607697755
-8.654964979682005
-6.483966538915036
-6.027681847726463
-7.88325836968826
-6.73486761064787
-6.079681504998405
-7.348091577902861
-6.610185649319474
-10.582538311359157
-8.66066359468738
-6.66306380319095
-6.018202075697272
-6.699551710691804
-6.047360837323079
-6.071412108336382
-6.578782403262492
-7.204361790147829
-8.23499463927558
-7.270228144821264
-7.091772988763759
-8.309386737919844
-7.595813480646931
-5.354817941246922
-5.170517920510658
-7.276517296989736
-11.467325860371837
-8.845250319778135
-6.985208036780995
-9.83381763261889
-5.314567276928128
-10.08768124488938
-6.158907945475518
-7.31240115756213
-6.193420832182329
-6.091719156485632
-8.781925676572616
-5.883132745066345
-7.487264711349994
-6.744165519608359
-7.422488551681288
-7.13893768689438
-5.834862716737308
-6.658339136595771
-6.4681788452572135
-6.722074810902378
-9.522052448357124
-5.863690771539097
-6.807401917793943
-7.291698770688951
-5.1580306029838825
-8.507898248454861
-11.15453528070386
-7.626592493250395
-7.631802119522098
-6.689713676863278
-6.303594697596085
-6.425807765791621
-10.043530942151298
-8.061531411742433
-6.270210417880349
-5.168822388983717
-5.184137398026312
-8.585853647278007
-5.428335024914625
-5.196021477878466
-6.3582225656089655
-12.060469535053612
-7.363255099401418
-9.647893176867912
-6.593113948811648
-9.832700529806997
-8.1818275264012
-8.217980191488355
-10.40562860917854
-4.94100390075704
-8.342547008196838
-5.425686757740887
-8.513806497217432
-5.571907131203527
-7.388609805930771
-10.175950189351276
-6.392041371309748
-7.250999223344556
-6.302979831550088
-6.3890322147587435
-7.571946884694074
-11.612117185010263
-6.436641654475827
-8.615172487432591
-5.525473944214237
-10.14406839077041
-7.145274447099874
-6.799919046726223
-6.582073184144545
-6.008212709540622
-6.975965965645531
-7.420690153153984
-5.257057934123222
-6.219161504527244
-7.0241988850105255
-5.290479803946902
-8.371732807443253
-4.48574054354819
-9.394167787616958
-7.014464299916146
-7.060837613414092
-7.956543513410377
-12.260984310181763
-7.298351499079899
-6.749731391431644
-8.192164172556453
-7.239184117746159
-6.849848411585694
-8.086489923224745
-7.918701094512161
-6.167602622848063
-7.355228253611084
-5.852668603954367
-8.651671446887745
-7.0254197932565345
-5.701186114014985
-5.363563002846488
-11.019468701283914
-5.667383192698577
-9.641134249035874
-5.160452679577125
-5.9262826863208184
-8.004369394226975
-9.09410198353319
-9.49430350257189
-6.569305149489621
-7.482022754154077
-12.092272490081386
-5.499234703100785
-8.213247521334967
-10.374929170032647
-6.504487031274648
-5.4009859454561715
-9.883902197208892
-6.151395093224481
-8.809851624189818
-7.876812604469512
-7.37406045194641
-5.791400610894717
-8.505254186439497
-9.794767332420726
-7.902828446653197
-5.67369868070907
-6.580211228633209
-6.4145161341424615
-6.2010901907123115
-10.498878757294884
-6.747495510420754
-6.463521986740852
-10.094551868022407
-8.14768973690421
-8.857268643500712
-6.031155641879049
-8.029011148079466
-6.060028084292779
-6.685751199804795
-7.759205904292519
-10.039324366327696
-6.349357493892444
-5.143283701351374
-10.544583168637434
-5.414218150518139
-9.930773608698779
-6.039894258621859
-6.397398236635953
-9.286803360278986
-10.03497194568279
-9.877577306745216
-6.077426377342816
-6.550840996257132
-6.703136235007883
-6.100647047869088
-6.4259374617761456
-6.509304007234768
-8.238525234892693
-7.0660668790677015
-8.437668984067178
-5.162317486550481
-9.852572616712427
-8.586120027375038
-5.861851527934367
-10.773869172712175
-7.6320242864975825
-6.061261545256419
-6.197571290567947
-5.07789151679553
-7.527443163250241
-8.08485007060147
-6.560229867746884
-6.651363546025491
-11.252579139243812
-7.666492043046644
-9.585375613070392
-6.6555151404497375
-7.731688841850342
-5.1147754680593005
-5.909802200246457
-7.494436413384556
-7.460665986591747
-5.377723493165575
-6.510629543271602
-4.714272424003992
-6.066392772919626
-6.673186348657496
-7.2754571178774805
-5.868318022417034
-8.194607618256692
-7.536357100650367
-9.64248416371848
-9.793550192764078
-6.076994450966516
-11.52843355565545
-10.427303467585823
-7.775452569736772
-6.196889659955957
-6.886346830260884
-6.129944985994579
-6.642373400311952
-6.928034963536935
-6.028388501606613
-7.458393978479485
-10.581442665662115
-6.557040608670656
-6.88315161547908
-5.881199091906041
-7.089704988161863
-7.52283362704837
-6.903274446572574
-13.630635035052727
-6.4904494260808585
-7.564515066888916
-5.376821525715843
-6.6184124762401
-7.880004022167436
-7.839100817739576
-6.348772806013666
-8.401636673365562
-6.036888647378394
-6.046694070300053
-6.0360784897336
-5.314568928767477
-7.12184562747571
-6.634001533606638
-6.685751199804795
-5.92639565111834
-9.43999012521531
-4.955706985499442
-7.637872878465469
-9.17113275127645
-6.338710021969516
-10.977054624321214
-8.497850595834901
-7.249749538731911
-7.4241557638283915
-5.800280840453846
-6.1804787420078835
-6.431026996844325
-7.945989704731424
-7.129557282748433
-8.011769164157073
-7.396031946050343
-7.563695170797479
-5.969136720707641
-6.646203336612556
-6.756775927136056
-5.778053718870037
-11.655374479621804
-5.518633245364636
-7.0111498780360035
-7.276301081979581
-8.491939873233154
-8.328207807850164
-7.703248465638603
-7.671730230394017
-6.291378145061377
-7.274720720063281
-5.391154633541564
-5.969489410675599
-6.709431583667765
-5.6580851173344655
-6.202494385484616
-7.966337301982461
-5.385826367011176
-6.52770394284336
-5.764126896815634
-8.438660501230206
-4.7974610078643
-6.850742166362055
-7.3206054817738915
-9.002774095192308
-7.392134352207706
-9.1578820656841
-6.2931223508653416
-6.263089348790571
-8.52173314781084
-7.210274679435849
-9.307297296508027
-7.064952868181408
-6.925954754510449
-7.143254824228006
-9.578941070099322
-6.911555621880011
-6.370122869574386
-10.124409025593529
-8.71157874417573
-7.740694165097008
-8.948555810064972
-7.316001524459493
-7.473431007543954
-9.108683621836395
-8.283157281789585
-6.135090079898647
-6.945215944611013
-6.669525137639036
-6.598063733310583
-9.543077396263351
-6.480101820764332
-11.838441333452678
-7.783525269070194
-9.286803360278986
-6.386995929448377
-6.6555151404497375
-6.181418912932698
-7.386197489865361
-5.011972474623191
-6.166198296987503
-5.518633245364636
-5.875501623208174
-6.93319665211306
-6.2477936840543835
-5.573540569465724
-8.137981118512066
-7.490597039231348
-6.16426012185265
-9.758224456971293
-6.909065649063555
-8.917362332336644
-6.278172214237161
-8.050500253684405
-7.741747569886953
-4.863840536062472
-9.48890267159279
-6.285314615160042
-7.128255256794056
-6.74302139857936
-8.993572819626266
-6.434858737941907
-6.822478827805421
-5.027507430488441
-6.296429289052156
-7.575219188599022
-8.355781705545994
-16.23403682313595
-7.2791472631393415
-7.663073327353334
-7.769034460250817
-8.735403903697161
-6.316991871311633
-8.722992842980146
-7.255621484718964
-7.029761294177252
-6.818930127920935
-7.072283566865806
-6.735435268712643
-5.658458098452339
-9.496082422842095
-12.091909515567671
-8.805198500573157
-6.132939672181432
-6.991199544387987
-5.632188014911992
-7.371766040836169
-5.641174632681632
-5.992786260827023
-8.610933646440087
-6.8964077302306315
-7.496145440390227
-8.160895701388363
-6.186836950284496
-8.989552599575307
-6.0360312091390345
-8.062042570692528
-7.656111733711055
-6.720012790024839
-9.539730239691513
-8.156817509113994
-8.380444612040668
-6.130770577388323
-5.27520840170269
-6.124475068656485
-7.5398103800308895
-6.968130781030563
-6.981884075693
-5.832012862904644
-7.557962298859546
-7.575071201490524
-7.021946070002968
-6.8263537698306145
-9.269832491695189
-7.024603116471711
-6.637996111156777
-9.558948519810247
-9.414619189218419
-6.937500998499455
-7.732310454008251
-9.8509944541472
-7.538992745818355
-6.256559013200553
-6.433599968167588
-5.206077901772284
-6.539951173281253
-6.409569189740121
-5.921170932168343
-8.613754108084176
-6.697135870118774
-12.087205200369267
-7.126716267519309
-6.7067322821930295
-6.762192413113263
-8.768764809172962
-5.666891133919987
-8.161724352493879
-5.556371745698666
-7.366390274411099
-5.6673139208770715
-8.187943031760316
-7.022066010616193
-4.808774378891833
-4.931367601667644
-6.375476328149782
-7.368943814739105
-5.781381892617719
-8.967952370963506
-8.518367621997104
-6.527058653287326
-9.02415667675253
-8.739158161826026
-5.695548305032478
-6.469428486975431
-10.344219749790676
-6.840413834776632
-8.671695825518166
-7.732422133564346
-6.03615244112974
-7.922452838487982
-5.9286021937470705
-6.269950389537856
-5.298583586917583
-7.352737876328934
-6.702098554795459
-10.915911093434259
-6.582092658057951
-6.123432011839159
-5.978418760379275
-8.974177646431901
-5.669439183969092
-7.078572397505511
-6.297181508501246
-7.572080513153213
-5.499895120616979
-7.600747838525604
-8.032882266798714
-5.680050082404107
-9.425914915947384
-5.451049794829084
-7.102274303979358
-7.218967145094147
-8.030696684268683
-7.492186741430955
-7.047359047829002
-7.544359750397472
-7.122352077036557
-6.651369295506597
-7.849782070474166
-6.744194801331472
-7.638541983901448
-5.919584574760206
-7.597227705487144
-6.785670712765722
-10.873410840078208
-5.8665942570924825
-5.997419853743829
-7.282579723039624
-5.057145271068597
-5.193696272150409
-10.691316502711082
-6.372653982480755
-8.654087986591788
-6.397609270132111
-5.493305127625167
-6.289581153194981
-7.238990049360889
-7.077790440160993
-8.358538565171923
-6.507669256235957
-6.390781287958285
-7.79186389336017
-8.020643641319605
-5.7898800136899835
-7.562359369020505
-6.973577866461939
-9.940045754156127
-8.056150072609533
-10.007769268861097
-7.4641821949355505
-7.507564464298193
-7.801900724923497
-5.894119026678003
-8.498821151635598
-5.695205618370146
-9.318984403616152
-6.859852012626079
-7.266575225963468
-7.562913067328899
-7.684043782474672
-5.765907403197648
-7.658588010223736
-7.702486967341944
-6.270937018911128
-7.20242911197196
-12.333302464340369
-5.090402815458031
-6.57634037409702
-6.796129999354526
-7.680102348673086
-6.4073634346323
-7.437396013968254
-9.031335891564414
-8.486312825140665
-6.727049971409651
-7.8469280268499295
-7.690372435779466
-6.2078479173309145
-8.219454631699417
-6.1417059222368735
-8.359338174940383
-6.162508817238936
-6.270418718844903
-5.867673121125014
-10.614334429782776
-6.533005469078745
-8.311764172555074
-6.881548198735289
-7.091995895525415
-5.05588025340163
-7.121334708564593
-9.142843723270763
-5.9679504057413695
-9.113835980631515
-7.16041499070529
-5.4111951247699
-5.145108755211995
-6.693334089934443
-6.099563684689808
-5.913530334495281
-7.983244972432873
-8.850084050635697
-7.36327933350271
-8.475063988890689
-5.940205812669861
-6.864932591601054
-6.892539571285428
-6.51564717460361
-6.4858426805032625
-6.453520957101454
-4.800150114079042
-8.41263374155169
-8.084199709421888
-5.964983593758345
-8.359411375947348
-6.706138327250205
-7.143047862193572
-6.633559840025269
-6.221407783547952
-7.51958167331987
-6.88602072168974
-6.411856803190389
-6.597240997163121
-7.3185304374563405
-6.952605160881468
-10.541015638701102
-4.7492962110234425
-5.322764428788263
-8.130939853406277
-6.850528822486528
-4.542386516760909
-5.944836455860393
-7.688515113042358
-7.210203545241194
-5.942907431377754
-7.640382058593621
-5.913386840888691
-12.709754243012435
-5.566366883502506
-8.454367060199843
-7.669682816837141
-6.537666064335698
-6.999991316167982
-7.636263780218908
-8.223413720009619
-6.964421490702378
-9.392625841844048
-11.137233905952291
-7.3366979419216936
-11.322332170680411
-8.257121233997628
-6.2866306225802875
-6.042061912307012
-5.755873443983878
-5.049183988342529
-5.071124544175354
-5.234603266905629
-5.871921386773339
-10.641689938109092
-7.847227869998077
-7.979943068313255
-9.032969319191778
-8.684317199986769
-8.973772145372406
-6.96277528411245
-6.5030407518210565
-9.1952260022755
-6.279499087517333
-7.58242102677204
-6.892073781938267
-6.91297009159789
-7.610063388975483
-7.925310968583689
-6.894881641455151
-5.942459948491278
-6.459280320736026
-8.387773532444987
-8.510365359490653
-6.10985929327082
-6.7543531414025635
-6.3391057832268345
-6.229286556873963
-7.4495797300962705
-6.522478272396539
-10.195499662446556
-5.650096754526809
-5.778053718870037
-10.02264538103823
-9.564819976145348
-7.488703128236014
-7.1919270260652945
-6.957709534342795
-8.989525248868041
-7.259438178697331
-7.41459033898079
-8.959059438842795
-5.310004201850573
-9.42736431747784
-8.00213483741242
-19.67923285219795
-8.140171628830556
-7.365751722712291
-9.724773697884975
-7.772496408457144
-7.893872087631313
-4.834056009227388
-7.2401094144899
-7.315810492210984
-5.527565057171486
-8.250556201180913
-9.375362226941592
-6.382631360070893
-6.665176159946073
-7.278726765354563
-8.81110813338526
-5.061028038842967
-6.4148416492280305
-5.921748177789781
-6.6965277726849175
-7.0111498780360035
-6.524675893157283
-8.1780393275629
-5.002737825120804
-8.331912880879464
-7.723227795085892
-8.113940621566012
-7.3619773729146685
-8.726153423848558
-6.930199905925001
-7.106175085663834
-6.392015603242238
-9.212767969368333
-9.011035199991117
-7.810054926982863
-8.96674012791545
-7.337513783895578
-5.875442019509684
-6.914468938069006
-6.521802489811949
-6.473950580738827
-8.700874085398238
-6.187270621248661
-8.99035255047519
-6.76146966922796
-7.855353439160909
-7.627043916539699
-6.997420244423372
-7.0374516362860495
-8.309262610217719
-7.628454881696865
-6.327044929702419
-6.3072905581204015
-6.590246010385647
-6.477042099974159
-7.0485971865953445
-8.560361698605073
-8.802303017105272
-7.1467768662506534
-6.226556765598406
-5.325575169645012
-6.7753931485233965
-6.624750945935282
-6.765649971418003
-7.005652049634421
-9.188611894522667
-6.203983509777196
-5.513951287268296
-6.379108020567448
-7.896908914565625
-10.375088366782267
-8.075378449692938
-7.7850910764869905
-9.390877480314732
-6.236101310816657
-7.43541075461816
-7.711533282987694
-6.738909425327666
-8.610185373905589
-5.04148681419161
-9.705114293621303
-7.384142444418878
-7.733365114307825
-5.751945066130163
-7.072202641149723
-5.7634318584967765
-8.039752204923376
-7.340678780269442
-15.475134476381116
-5.656954536252507
-7.60714313130719
-6.712863730755947
-6.199918149370634
-8.28627702101975
-6.245802204130974
-6.281275308746781
-6.072533977958087
-5.89635233584528
-6.905744511374281
-6.389357895189991
-6.7092455611674735
-5.905447088471451
-7.163992024464476
-7.146611181698102
-7.9314863015108905
-6.405381983723526
-8.883745640469431
-9.269154381372479
-9.151652287251412
-8.833004826839378
-6.45541918459848
-6.541437896757739
-6.644714286166099
-7.163733817731026
-7.789943808492449
-9.70572924448602
-7.306781506814548
-6.726339848166296
-7.1873891260215155
-7.030846231078148
-6.009291170827471
-6.6133745430376925
-6.019683900304368
-7.023500255205681
-8.990141877186403
-9.04868627053239
-6.358595538544569
-5.336699464049643
-6.500320578205527
-7.122326543315509
-6.029084198441449
-9.609512497630192
-6.8656014318145235
-7.024002614720181
-6.404201567901306
-6.8992447379306805
-7.118077080267137
-6.349357493892444
-5.409686332759551
-5.730468343370971
-7.444198102199162
-7.011812563239565
-7.304470527148428
-6.772430755731139
-6.550683572521024
-7.082258051579291
-6.544532248979255
-8.446944068922424
-7.3882436258626285
-6.947045909879517
-4.458859954295446
-5.877141892753633
-5.788204765045362
-7.587518262961395
-7.640647191985524
-6.569243976277421
-6.822110382921971
-6.337852066355669
-8.1259548966305
-5.694729109230988
-7.883867408710338
-7.544359750397472
-6.010608672796353
-5.708503710442823
-9.85741465044495
-9.624757707369083
-5.148741781848054
-6.8765372014435835
-11.066352763907537
-6.717589285953278
-10.088480623831556
-5.976442719286491
-7.0896139719147415
-6.917896959812179
-5.97162075835092
-7.246646005845196
-7.373806122340474
-5.328096902355312
-6.461938472322536
-12.642772293738922
-9.218036958543967
-8.52206275181665
-5.948695964954991
-7.408548044977983
-5.691918101485005
-5.774365999938386
-5.900081497227557
-6.638839814893374
-5.530933094740939
-9.048542622889197
-5.983679826945118
-7.216148010742562
-6.945964269396484
-5.718266548514618
-6.96652371699799
-6.461108166070892
-6.700811286196823
-6.023288393063468
-6.976483449235438
-7.331207382495209
-6.787476923064323
-5.999287602136783
-5.714815163905781
-8.034009919605726
-6.41473252364101
-6.64346510268409
-6.450810696560781
-6.096744890423442
-8.710766869869776
