# log10pgen1mm
-7.414117589945932
-7.495384412089581
-7.298135921080019
-6.508412525948315
-10.40491894508628
-4.973928104736173
-8.624927534483847
-5.580124621932484
-4.816698476005133
-6.046625265627966
-7.9611323448128735
-7.271187989632477
-15.858183720925823
-4.572394943092754
-7.154615460416627
-6.55091852330385
-6.975824761844508
-5.282402494965004
-7.510540937960346
-6.488228774834616
-8.613499500819417
-6.809123058585948
-7.864176822688133
-6.161413384070948
-5.208722071065571
-8.297263942676684
-8.41425417291528
-13.590129113817332
-6.982818777025612
-9.022651310704482
-10.12068631462789
-7.284961066351593
-4.836672951895455
-6.6982913601850465
-5.456917462527625
-6.175836437708251
-8.41307681739988
-7.235611406942427
-7.848996487838252
-7.152118841157603
-8.341079195394283
-5.858521537612668
-5.386346468354611
-5.738182943406321
-7.227824678719927
-8.446879906269011
-7.486945177279528
-9.421772534217636
-5.718572614874506
-8.991809252856521
-6.066486576471371
-7.549778627445903
-8.259312791679932
-6.270172893440275
-9.171014904476376
-5.093425446741136
-4.730073522336794
-5.752758559009563
-8.93684131446355
-5.675786881050375
-8.696819973770836
-8.042078954334887
-5.532250597018095
-6.05399087845627
-8.591760225728173
-8.74562792633309
-8.802065324682342
-5.546755160254395
-5.892028530309093
-5.0737125136603325
-6.64813902025626
-7.0873190924913745
-6.270756656967412
-8.726163265548674
-6.025310576328114
-8.062944437254046
-6.710524836743909
-9.866821158494695
-5.436752843299019
-7.7737865401900805
-5.397229208087773
-7.800649989029247
-6.507435587663517
-7.205271132480579
-8.109582731045915
-5.825926178375996
-4.839459280547301
-7.802092460511684
-13.169332362622724
-9.845200213910637
-7.92046307065385
-6.426601101013729
-8.353201729050147
-5.562647539046062
-5.232471877291349
-5.316298835466791
-6.927710487669364
-7.125585276680607
-7.78286132682157
-8.253209967021743
-5.142479685681342
-5.53964904127882
-7.816906446155853
-11.779339442146984
-15.996209392587897
-6.537209551860855
-6.979361106682564
-10.431249301597235
-5.946737735310783
-7.504623049837349
-7.908600411844829
-4.6741859726691555
-7.580925859156603
-5.243021388348739
-6.2973289351377275
-9.34907733832755
-4.534037385262252
-7.094113793142787
-6.843131167626126
-5.836854298891457
-6.047196579768304
-6.1850706792759995
-5.419769341063243
-7.370258245196824
-7.055239597929872
-6.554722435513493
-7.9290645996130635
-7.938248436755993
-5.019788361459388
-10.730213554145445
-8.222416260685435
-7.22547557062819
-10.236739527865616
-7.103421823320966
-7.007405105330536
-18.7848232936439
-10.291446991640045
-5.797187347987601
-5.315644147196806
-6.831774114266938
-7.233644889373253
-7.313009102243544
-6.692391192904235
-6.506014925287396
-6.548084457122676
-6.6751168881971
-4.8182630580403725
-6.5728852877483614
-6.3544425762031285
-12.04811425479226
-8.625026779277311
-6.729993260247842
-7.83313206894642
-6.740804295698059
-4.132080289361465
-9.282570806364186
-5.267310719010054
-5.077059863566769
-6.629979025881976
-7.518077055142505
-7.107366053806104
-6.597242931567068
-5.613695470935848
-8.694614465389433
-8.903814026852071
-8.45832722122647
-8.462992430101908
-8.590509880719884
-5.7022149835903555
-5.373082765145819
-6.0078382825955225
-6.905638204867515
-4.8253471743662955
-12.237186738533273
-8.033083698002098
-11.142687377145378
-6.686801141092603
-6.566872461889592
-11.455575789004447
-7.649773582049235
-12.70473426796958
-7.757539372023628
-6.007839481387389
-5.712077671448039
-7.691860451784088
-6.993480126729275
-7.552823258143891
-7.84646205372363
-5.7038724909694105
-7.179191159067425
-5.286152715855124
-6.6100264671202025
-8.458780641812318
-5.808704468481949
-7.495231029583018
-6.802834216472007
-5.798945391500785
-9.09624961871179
-9.650399858679302
-16.664562649546667
-9.19218307251041
-5.974044889316305
-5.163611932784323
-7.006139455219892
-7.2347830579782695
-15.196626152328205
-8.047763246912025
-9.688804014436425
-9.682444196138603
-6.93876446884589
-6.105587618826951
-7.096339113187856
-6.774284255051124
-7.189665606619777
-4.368981747101034
-5.4993749880575065
-5.758118280765219
-7.664547621466498
-6.75011963205407
-10.078316330384075
-7.555596363616509
-6.5706251334077725
-6.264217394122599
-5.326517384788578
-4.772984885522874
-7.202205061643244
-6.788282395008145
-6.372668989496702
-6.584661544264106
-7.60313407172349
-9.405018027209826
-6.415411653733724
-7.879241299337544
-7.195049257460923
-5.801781294774429
-9.490128295298659
-7.1484527197951495
-7.257284692678908
-5.029858754139171
-6.373139611478374
-5.397268866575911
-8.196950420411508
-7.144276783552776
-6.02870176283405
-6.9256631103966555
-5.816341477066314
-6.150099628601885
-6.808910644972572
-6.041947930784414
-6.612838387387742
-7.254157237796366
-6.549987496686099
-5.343756219002965
-5.121118056451927
-5.317633917747774
-5.956768073644767
-6.67212139663448
-8.611569463017302
-7.910282762950469
-6.49976370263567
-7.693523790773013
-6.464914279915838
-6.372567364606892
-10.110085206308073
-8.99059023624394
-10.774069009975305
-5.627362230829546
-12.145275474916463
-5.329254199715855
-5.886852862294571
-7.640895549799391
-4.7097437090123835
-5.8498101037512855
-7.21577830017213
-5.18108662986524
-7.731182005725629
-5.765788142383322
-8.320232389617637
-4.544487349622374
-5.6986184203809644
-7.6450752418698915
-12.454884472659199
-4.720690713090391
-6.534011964034788
-7.559816335017874
-6.32242300486493
-10.449564224659156
-7.290361759859044
-5.9423564757893095
-8.975475000433818
-9.915295805625918
-5.531654059297711
-4.750148034010209
-5.371929403024338
-6.779852563364712
-7.327083563899914
-7.26918644115263
-6.394141307874142
-5.641730614449455
-4.970189234689733
-7.297929692143118
-7.8567602888128745
-11.01010699029813
-4.98151709130875
-7.495809638251798
-6.742703831155828
-5.918144048435601
-7.105876634732197
-5.672585508120242
-6.397562655259083
-5.186839492165692
-7.804758301571248
-10.90536222453753
-6.875312254632001
-7.3229483655616345
-9.06501284153392
-5.419243517733784
-7.049462608060071
-8.575097737828765
-5.196810167719401
-6.499532144961509
-5.929895081363153
-6.0287197222370645
-5.528661233002691
-8.587288171952073
-10.273709533601101
-7.624618907773283
-9.59323432399808
-12.07035743394837
-7.990208167496965
-6.269145848658213
-5.210334800819018
-10.768518227271002
-6.936786018545638
-5.699726067989702
-9.247184344232835
-8.509864524223817
-13.398932122242638
-6.108897390881687
-9.374562984321049
-6.337365457420825
-4.997853629176543
-4.543043534054342
-5.041443313098106
-7.474174663794788
-10.559560446216755
-5.7856849970519315
-8.684894402827764
-6.377889837336382
-6.814586152444484
-11.677640614568222
-5.226867151721986
-8.541293061930006
-7.587575738720018
-7.535852653450749
-7.115446103840272
-4.912250299775321
-8.339574244400463
-6.440681158644141
-9.653549034399536
-5.252972642056641
-5.550898627259249
-5.885551664650562
-6.239984650229152
-6.168889365007307
-6.66524513071907
-5.1953987710847045
-6.628979695478411
-6.093542147791016
-6.083461763992281
-8.12762346893562
-4.963197345267994
-6.892808592166535
-6.94006904064057
-5.2362132436221405
-5.411793127150386
-5.490611501354935
-5.245020781448431
-4.9826794824708145
-9.949927275258027
-7.632307403357984
-5.549006444892858
-6.83883350401811
-7.373855537761323
-9.528758690558398
-6.759223232877138
-6.030813938528636
-9.857167901973945
-6.344268465572574
-6.752080780435699
-5.701658010509558
-9.303907710725904
-9.40145550508764
-6.711484225016668
-9.002333685639346
-9.991768167785041
-6.398400699871802
-8.646543130289174
-6.653812142074501
-5.999015413853868
-6.39528033355453
-5.6269404671945225
-10.350784179637024
-5.784687019984497
-6.515530684658682
-11.466096745489995
-6.379638587472215
-4.9510107102991165
-8.343302756424098
-5.48380219212662
-7.178915102977537
-6.995357090898611
-9.436670188699837
-6.129137329949033
-6.788749614954212
-7.408991749596096
-8.479188297923635
-9.274893014868283
-8.19051430727366
-5.6955327699509395
-5.45249893862582
-6.243045764458934
-6.920728164982836
-5.63948446062178
-7.225770327054868
-5.236084721975388
-9.816532050061374
-7.078130018921034
-17.65788163355535
-9.680887303213014
-5.325840594112292
-5.612376029977777
-7.183791541295997
-6.429785650263771
-5.886879608498546
-15.809775345903843
-8.355843021351854
-8.524996204347538
-10.893045053496891
-5.724666274970486
-7.21068864440115
-9.343253189639338
-6.788597529868164
-5.00217397401699
-7.336552747915879
-7.995776933050334
-11.217704047184847
-10.142869148953062
-6.5099546030353554
-7.695143462240544
-7.882219298496687
-9.299306279873306
-8.001591066682252
-8.312514191459258
-7.676315374382216
-6.123169969977692
-5.884459270842369
-7.882145276484284
-5.684748591854605
-7.788437452316232
-6.123160082821398
-6.298730214398147
-9.51255058844251
-6.943378817894601
-7.340329899033762
-8.83665465516997
-8.005495739952607
-9.030019359907083
-6.413139403675527
-5.744607987481153
-6.37563781362905
-5.974377872220251
-10.545908295391492
-6.864653754644782
-5.536195876821171
-6.090463730290266
-6.135691576088049
-7.65217372937451
-9.333490439823553
-4.549141359316738
-8.541514790360122
-5.650836117266202
-6.383394492797508
-9.402210467522854
-6.244783494851532
-5.556688210011908
-5.067690402483159
-12.788624177382196
-7.490816502338057
-4.779646762653669
-8.129163888510138
-6.732573838028052
-5.756529734105819
-5.799290521898471
-8.835744984965572
-5.965183996741956
-6.32126013263804
-9.16073119468148
-7.4666274832975335
-8.40000760139323
-7.1409497910710975
-6.152561244380979
-6.933143218930259
-6.546436161312165
-5.479506521721247
-6.564812666580689
-5.926081513890574
-6.042302033076653
-8.564072665134992
-7.799371579156367
-6.382672494988868
-7.541837528202266
-6.572943010228368
-7.866438490127614
-6.838810164089043
-6.331086573458582
-7.908899305618694
-15.091927370361393
-6.9341716658153425
-6.353277419893377
-8.020747281454298
-7.737428302891496
-6.612513586160603
-9.708976980457908
-8.251527295253108
-6.022600738247574
-7.245296995776222
-5.522467892278847
-5.43685565458873
-11.287607915210831
-7.081420424552686
-8.138053530696391
-8.306444352378099
-6.35989260879115
-5.968521973825149
-5.291380609958113
-8.00178014647593
-5.819240776793934
-9.021701571940376
-6.369268598431591
-8.127596580881596
-6.143682444045274
-11.227679764298589
-6.854175964251694
-6.443911761830563
-7.112498305543509
-7.355793913494148
-7.790229372965987
-9.267714361466039
-7.23732817379407
-7.919324169280189
-5.217301027647972
-5.394460360460711
-7.3218050725845565
-8.495748617869591
-7.80282186824652
-7.170777881459739
-6.925676834462696
-5.655877717356503
-5.137020906246399
-7.524392257680415
-14.631628049612175
-7.602291453085323
-8.827593115669924
-4.551725505398025
-6.3557011272114154
-6.7098064570657945
-6.391214697945596
-5.988923395299313
-5.533757768167658
-8.034742557558802
-4.922360972199225
-5.1460245701568095
-4.949086499757751
-6.693929383179796
-7.59576663890135
-7.690228421860316
-5.600109758223643
-4.979578733313639
-5.3579140786721515
-6.6217468400882975
-6.0848048203612315
-5.188615358036717
-6.260897195663637
-5.536835157768148
-6.061383266447505
-7.9563052106003305
-7.365667562287555
-6.777542401654541
-6.365492073107508
-13.726195635591328
-6.19611386213715
-5.817407364481168
-6.206718316382013
-13.700071397145075
-6.27824211367167
-5.477472297014185
-6.7857602756688955
-4.983126532033566
-8.616426153489567
-6.9313840124423525
-8.385742505332702
-5.505923789179299
-5.747173689171341
-6.144120998212523
-8.118423199931545
-4.903119958091496
-10.97799996659743
-6.772812843971225
-7.106996827418261
-11.667109064362933
-6.488387465517344
-7.990636015789588
-7.086621908009909
-5.239754267565046
-5.671232250164944
-5.528158851054208
-5.340258458288122
-5.398521256860277
-7.723999848485266
-4.763111692706893
-7.390685370222568
-9.715360009189409
-6.9988934910836145
-8.596458016946887
-6.116979031688667
-5.0218722914635725
-14.365966877609482
-6.135612292061478
-6.579986585324176
-7.5935843661373035
-6.2772925045399335
-6.283342405485468
-10.418601552567814
-6.640057293640102
-6.470771345341775
-6.396597565635038
-8.015865897554267
-7.153281193272551
-7.551575988384804
-5.907832575631272
-7.528826533010033
-6.799435213799351
-6.148195568170058
-8.009936634494316
-7.442755690981232
-7.918674848917757
-7.300431998989883
-6.284790057294911
-6.249806647500993
-5.909299779446574
-10.7996933458721
-5.774266585796287
-5.965114089268929
-5.588353774980125
-4.458400856318518
-4.8659487558041175
-5.0763277534675595
-5.390400110579022
-6.425641693281474
-5.908067217690318
-8.566190955927988
-5.69588680516746
-6.639215763060913
-5.868527420037651
-5.072650304738134
-8.237495460505123
-11.288976528042074
-8.783582718610987
-5.940756048326475
-5.374641249630623
-6.715078738263212
-6.869238430091168
-5.966720017421743
-9.427984439128695
-7.816086385970198
-9.563445034018981
-6.009694255422205
-8.10896345955094
-6.128960454627144
-7.046285081326012
-7.430125855257261
-8.27159318455728
-6.769251955909702
-8.986495137002034
-5.372054251258669
-9.319082698984325
-8.54810683283117
-5.399707291415158
-6.007924291181944
-11.341814927496948
-7.472491446375924
-5.181569415593047
-7.641962793937832
-8.915471726859172
-7.760622747639215
-5.856311816342071
-6.924918514078013
-5.473569323443554
-5.669861528025552
-9.33559967782399
-6.699039533755363
-6.667383832467578
-7.053708685208739
-10.445126295957406
-6.269132423673867
-9.196204914337368
-5.054899911799613
-6.250902401483525
-8.27687610527318
-7.159846006433843
-9.597491404689775
-8.696017900198651
-7.423219556303572
-7.252606793963467
-6.310877961927687
-10.263273211751057
-5.490852470587339
-6.942707731406707
-10.355351600001363
-8.698255876905431
-9.309835372163434
-7.891016837948595
-5.8701084534369885
-7.855048259471216
-7.173803004058126
-22.463507972590705
-6.045473473489249
-5.770446714819838
-10.778034321874442
-6.632376821016249
-7.626993589899322
-13.472652305384962
-5.637702994063404
-6.0103482760679485
-8.14428811134376
-9.1644429814674
-8.48011917059433
-6.339273257199883
-10.98241315693997
-7.663642425272166
-6.1193014466179845
-4.820069915381273
-5.758085190416144
-8.750850967843132
-6.423793674881598
-5.513397428672151
-6.253431179539361
-6.753104195088017
-6.161186176688259
-7.658715656036481
-6.423752955351289
-4.845918438461893
-8.29545284104126
-5.279497705111906
-7.906837897788917
-6.479830833282161
-6.228179940865328
-5.038535158488043
-7.68579160786571
-6.6615912947220535
-8.505138812814122
-6.73853650600449
-6.149170889499664
-5.257526148529942
-6.981420747670155
-6.272179755224332
-5.7171631476479865
-7.930419014069667
-5.121709891858179
-6.232735203315273
-6.851252789904587
-6.519416524192996
-8.303651294752513
-9.350706213896542
-7.495581266491785
-8.858149049877696
-8.980970336967191
-6.500476943781291
-5.555775785906448
-6.825969492713186
-6.37434947197823
-7.171277416349955
-8.789904185615473
-6.6255427959574815
-8.643431952566415
-7.2336568219633
-6.933207698627395
-7.050644778481195
-8.440432958232249
-5.116088205691879
-6.354011795213074
-7.188678648689675
-8.553150279345608
-9.523769132867466
-7.72492771615784
-7.663283897139798
-5.458600849882462
-18.756372526606224
-6.568051135338828
-6.241728774503427
-4.964843118702585
-9.782934688411402
-9.233245870701742
-6.063433841821367
-6.600222067314129
-5.630520481055346
-8.75315958482316
-5.456866170782688
-5.238667806265145
-5.46272469527427
-6.151580131979664
-6.85500245454269
-6.362013626624598
-5.164764450059438
-6.040491320454379
-7.996030776870919
-6.426615568857429
-10.307313175531718
-4.735978483684575
-4.376214656154016
-6.382318239869111
-6.373021619031834
-5.800010796606993
-8.652311936957927
-5.671038518604199
-5.015237302231608
-5.3475124024570855
-7.281823202366185
-7.375922717297051
-6.2969376287094585
-8.407952580891958
-7.495439379219425
-6.06216569602089
-7.577648000698281
-6.1341158421814335
-8.946066140391537
-5.077684525105754
-7.392652672298636
-8.372295636350342
-4.632371117757289
-5.185243711045347
-7.003131784618758
-4.919822306244258
-6.589497239342587
-9.11871588208076
-6.358341352021941
-5.325491046690685
-15.437609307695007
-6.0263101176756075
-6.3631886301335525
-7.104112007624159
-6.247450495480915
-5.525137689329817
-4.9436097336134255
-6.248881138416346
-7.378270631694261
-6.719347440078502
-7.07736451763988
-8.911985550819852
-7.194643113850814
-7.373272807652255
-6.627799038467032
-6.220285514864431
-4.918389693065541
-8.93728783107551
-9.857548080864305
-13.694020983830088
-7.262093548441009
-5.705453953551852
-5.527727833404527
-5.136205596216479
-6.71955154573959
-7.5464091141023415
-10.723788653632539
-6.298340219080356
-6.980483728977161
-6.793382633642221
-5.667410819142817
-6.677696692107408
-5.733400952211287
-5.9849452045185725
-8.002968208439215
-8.902577006535804
-7.378768734627138
-7.444968291082118
-6.112947908108147
-6.855961337717985
-4.813554839552946
-11.07389788202915
-7.957205170316383
-6.206259426384013
-10.284359059829713
-5.625531609601606
-5.956349780635226
-5.599348775866364
-8.804468753364304
-7.381094374644852
-8.50821478836143
-7.726027292000018
-12.428072021648637
-8.236632648202155
-7.876570996586021
-7.684176100365481
-7.423541633236641
-6.078423973340835
-8.658970726357152
-9.154669237346264
-6.814209867464758
-7.711681759127057
-10.777833124712004
-7.620187959046653
-5.760902897147181
-7.981041574026674
-4.807494717343542
-7.957500734489669
-8.60638783311082
-6.797809396217457
-9.474981855943573
-5.536729227110934
-7.441562336749519
-10.807938448481341
-5.177360530561363
-6.66653991219437
-6.298118724828092
-6.201898434872472
-7.206421313734236
-5.3098635591614824
-6.598496332082103
-7.646591099506292
-7.015799879997579
-5.2403286746941395
-5.7997319579856725
-6.328806013317189
-5.204676342809964
-6.575476118250457
-8.285977776021138
-6.547901146153584
-9.045458517490815
-14.058389116243061
-6.068798352797127
-9.002950184329409
-10.106730995545812
-8.943772322239754
-6.021168794610164
-9.737221220582004
-6.597117695324856
-7.364921114049617
-8.834540638232443
-5.34720463042649
-6.537094378822306
-8.919476160035318
-5.1631424817562666
-6.481438998286801
-7.408843981782645
-9.963944913086227
-5.654595291074212
-5.65054443041258
-5.548654105354946
-10.160690909214368
-5.222447350568771
-7.607338124773539
-6.900153209822064
-4.991038249968963
-8.653488427430505
-9.95848564538629
-14.171122831359144
-9.561792155830954
-5.9164216352729735
-8.883565447798896
-6.1326663060966515
-14.305176571300262
-7.741419047335498
-5.03582778853331
-9.611591214595892
-6.755716005171805
-9.143680016528883
-6.742837306893969
-5.457082623651862
-6.194456704109971
-6.523828036515329
-6.264251270616318
-5.931016707069705
-7.022105930023993
-11.562633809187348
-5.104292563954177
-6.603140086207342
-6.066982069554529
-11.534452643051566
-7.305772661999318
-6.737798173290639
-6.612086616445664
-7.170799086298495
-6.699143316393628
-6.045688365553092
-7.521493913616531
-8.272146606180534
-5.7890447212281275
-8.945097969928145
