# log10pgen1mm
-5.222512783592167
-5.474298832994617
-7.132736064411368
-4.503038328686243
-7.429999304046419
-7.130456798321021
-5.324154066131507
-4.791118157969106
-8.18138992114084
-4.891469731479848
-7.349257419609457
-6.762074747034271
-5.9983868357427585
-4.936140102834924
-8.020728243096897
-6.575508219336519
-6.34498084832615
-4.136209856087037
-5.685213549429761
-5.736445426722121
-4.887222161007614
-7.556854502925783
-4.708278427754055
-4.885385876536044
-5.72662111140816
-6.918968866202309
-5.251750231797953
-4.577068751501614
-5.480286197137733
-6.300877357068862
-9.179046231678369
-4.810863107760041
-5.64113279230209
-5.0349536961736
-5.875022750258464
-4.089665269845479
-5.813655746568672
-5.30454239658931
-9.314300880890453
-5.299995599409959
-5.269580386921542
-4.603021174770457
-5.208717662440473
-4.328532827979975
-6.6849286462986885
-5.025976993662171
-6.95239648535941
-5.908670735284002
-8.79017410631048
-4.8112042723473545
-6.304135511644561
-5.400452340407277
-4.758115346115916
-5.631142741901724
-5.505953123090905
-3.956145657995622
-4.258521209121085
-4.4622543305814535
-7.6334124030524295
-5.659408121210772
-5.450701614309736
-4.771000616151078
-6.851789181641547
-6.008353774762638
-5.6195071067678715
-7.693893976357156
-4.278846486629012
-8.424122792387372
-7.303157717494023
-4.48952708427639
-4.2780594488769275
-4.756648792435164
-7.857686967606996
-4.713768920674704
-6.86412452673752
-5.242197638538502
-6.3181127641055115
-4.861598804211837
-4.030035482904797
-5.515824922856652
-4.508763016414815
-4.8351835542966
-6.135637743038431
-3.802216425358826
-4.8141707990778775
-6.443931228079383
-5.453639177223534
-5.751877070585637
-4.547113037724546
-7.571328031281861
-4.18782569348567
-6.3908129364102
-7.349559799233468
-5.141103936319601
-5.576267700001041
-5.14160134637196
-4.550181034905492
-5.3844796967065784
-4.121051998028607
-6.272008482446265
-4.869802589999359
-4.646603003791659
-4.701414672855678
-4.662637261499797
-6.1296936626892995
-5.098412434483798
-6.2941891766846805
-5.250399669760826
-4.857004495930022
-5.703681850834961
-6.38969471747226
-5.575247266114257
-5.191838339826377
-5.553230788247781
-6.52017616781149
-7.379584354579172
-5.306352595756636
-6.172224052197384
-8.37962697619366
-5.497850329802555
-4.546411526005124
-4.668639643870915
-7.078982215427426
-5.478404737724475
-7.407812280738999
-5.303141457588844
-6.893273296506284
-3.9334508897840212
-7.627090620557683
-5.456407828390235
-7.231619877072984
-4.904419210985083
-6.101938267900151
-5.16692404888881
-4.6076340055340586
-5.134362643463337
-5.589236570607251
-4.548496295109059
-4.771121192311746
-5.965643106066701
-7.283307094015568
-6.051415079193217
-5.48542131960662
-5.415100086635875
-5.347806574645676
-5.024345849968208
-4.772339281115086
-5.045983119436582
-4.621960261491216
-5.200127277424128
-5.184272232226749
-4.577875058677557
-4.730757964933263
-7.295317963909693
-4.821570032714258
-7.587491164687006
-7.244543951122285
-9.328080219481116
-4.652429893968679
-5.320910739467274
-6.898794058092871
-4.541946856307766
-5.094647513885678
-4.92990943830398
-5.647060225132193
-9.50928808553307
-4.2089895517034055
-4.704919417518692
-4.678243363341201
-5.104544920029384
-6.277333902429612
-6.575545172627952
-4.752502861517797
-5.400714364691009
-6.112151009078161
-6.05358443623616
-5.526352456642778
-5.311130794894293
-5.91639876649284
-9.68867919036616
-5.930212272973185
-5.172677923763135
-8.102469166762052
-6.345306359644315
-5.5863021908591675
-4.44275009290993
-5.032082906231718
-5.457749244288159
-6.383834505288127
-5.847746255148236
-6.1241730767714975
-4.260590303365651
-5.341845969069475
-4.929260305863599
-4.988846121281699
-4.951879957000252
-6.152726626945559
-5.054180553427993
-10.488702212540415
-4.338222299064085
-5.380904561258877
-4.596534228581275
-5.103955667534177
-4.719039904202727
-5.052713411332948
-5.106965923247095
-4.146487646996929
-5.687087358815207
-6.417150968870126
-8.107488219392895
-6.834941867675443
-5.465784270108353
-6.802229853033669
-4.892662003132858
-4.27296093408547
-5.409928515463064
-4.547170045992461
-6.50679114790972
-4.185793018512471
-6.951177641916643
-5.267899070784443
-4.675015301302535
-5.749770603487754
-4.883631877064708
-6.162994643812344
-4.709012124223753
-4.57655839937081
-5.675130977863649
-4.404858692744194
-3.7548301369350776
-5.273485529599237
-9.820669666029104
-4.967625437642179
-4.689282891596231
-3.7483278801378557
-4.4230167824649
-6.699676750575049
-3.9488032890266007
-4.213284293981796
-4.417012566207254
-15.964299170682517
-5.476197805438053
-5.54842954575339
-4.48431278488188
-5.1404790237894495
-5.294151801138752
-5.403656028625542
-5.16331955851883
-4.153957768886823
-5.195564299488484
-4.910684655290415
-5.761652298820438
-6.0613723069001635
-4.9568386370097
-4.845570868832551
-7.1650192468929905
-3.727831616841307
-4.404738965258208
-5.307729036363764
-5.701435345614398
-4.258976639574007
-6.08162351243523
-7.431807772989455
-3.939904466862785
-5.160503799582953
-6.1952976223268195
-5.12573441235527
-7.5936715162729875
-5.440000579192958
-4.881587388100657
-4.8043810606182635
-4.725740957763727
-5.9084109790780595
-6.636043714242484
-5.765009374547
-7.11738309420403
-5.387957545073639
-4.977808961880796
-6.428779564293764
-6.380182125753459
-5.1841955461986755
-5.658974537525053
-6.021594804328911
-7.857072515068828
-6.877657631773444
-5.456601263999528
-4.806545774135118
-6.0369952138006635
-5.159093957184308
-8.100191855747582
-6.610301475462614
-4.82321293754241
-5.4756880483422865
-4.95837083703311
-5.510164458916488
-5.861007257037674
-4.414525115031396
-6.639927780256824
-4.561990823713324
-4.181050591254575
-3.5893809065380085
-5.336471595673179
-4.549725595012625
-4.010821461739126
-5.149600356666065
-4.914294356972583
-5.585794311249665
-4.445132167538058
-8.93839959058689
-5.571672627503584
-5.1499992143375035
-4.4615212673921265
-9.42407147087609
-4.189509758121036
-7.695855222359
-6.492898636461438
-4.784087325570796
-5.639653464467741
-5.782367762457166
-6.935885765491226
-4.83041379154635
-3.8849092353989567
-4.472199769033938
-4.349020769998984
-3.9725427478671964
-5.89469966454627
-5.96082891754532
-4.078237246053448
-5.089012981663722
-5.042486155147888
-3.6967868113937143
-5.467361240328984
-3.704940335871862
-5.431599495786571
-5.964162237568687
-3.6850819295438173
-6.552373512750807
-7.361978765190421
-5.052965691866781
-8.129461295646122
-4.22890376637935
-5.849578697992907
-4.681845412589017
-4.941499952677184
-6.0040616816509935
-4.851554879569038
-4.287763430136122
-4.564892369182901
-6.948248535144209
-4.042474602802609
-5.323431512723033
-4.189083201727073
-4.770734335653174
-5.529643652210142
-7.464784565519757
-5.972396301281703
-4.853961873192934
-4.688897308046412
-9.423867978282292
-4.286337515313241
-4.831325862514032
-4.675270880795822
-6.238668333849208
-3.988284176631379
-6.1478893801138526
-7.126895471501988
-5.751894001156004
-4.435511338753836
-4.508113780239274
-6.815461550643983
-4.606181528276925
-4.198128294176603
-6.8970062187515495
-3.9800621893917323
-3.900820892550484
-5.002329342426684
-6.201549886490378
-4.829165649934873
-5.586400102463681
-6.150707024947933
-4.448226127847233
-5.779894036588437
-6.190428670893172
-5.126207908850137
-4.6686880033415
-7.162096009474647
-4.225333286522257
-5.6389495072242
-6.859681977473573
-5.672972769182908
-4.911239721939234
-5.107673790222229
-7.008209043281392
-4.313486474721282
-3.6290107431631355
-4.611474328108999
-5.367990090382048
-6.037201631900705
-15.838848866080873
-5.292759556154874
-5.727906047225634
-6.441699861137197
-7.8588351400160725
-3.6820274024307444
-6.357831714161643
-6.40510444872159
-5.447276191874632
-4.224507017261437
-4.333571411971717
-4.597741587871634
-4.687498943848109
-5.533178353033986
-4.975547512694709
-5.1713007851754185
-4.15524556816159
-7.922279634562756
-4.373236406756517
-8.099426525540803
-5.089503983371552
-5.570501709717735
-4.382487535582258
-7.40606105582791
-6.746807864253179
-4.726130891273115
-3.8963430780040302
-11.027047109488032
-4.740531060496639
-4.535835664529683
-4.950705008462769
-4.590367155606344
-5.316808097775882
-5.593664529421995
-4.623794499773139
-4.3923348140878105
-5.861155336780764
-5.017097073489244
-4.515044926629089
-5.060652934944094
-5.984375609609165
-5.280436718939988
-4.843285180843832
-5.423850272589686
-6.014828900509945
-6.605115936444961
-3.873492566838407
-6.168232741478304
-4.532010785674782
-4.696696500624567
-5.062195519345907
-4.684623626647248
-5.538781087659536
-5.04855180798032
-5.074255910996125
-4.707112530161776
-6.278109144760188
-4.301422930285828
-4.470106400204347
-6.541223068179822
-3.934490025199994
-3.9478028180093236
-5.934944153762344
-6.398380433779561
-5.761464756632779
-7.343078173619474
-5.064964125460084
-8.205975457943788
-8.181126333816403
-7.702519002317511
-4.714476464328064
-4.9753346459978625
-6.0137620700021674
-4.984519244041429
-4.563848719148737
-6.566947277706499
-4.168560145715724
-6.055466312169481
-5.101073400373386
-10.160281014093052
-6.039354158350673
-5.449181133984668
-5.7928964637316
-3.825696094232298
-3.8657231540609964
-4.223088000932632
-6.611268331847637
-6.768810319563789
-3.984020752908829
-6.997662226543779
-4.90192466790158
-4.680240214169527
-7.047179284079859
-5.594366715880318
-5.013165853557725
-4.610484899621481
-6.117927578577938
-5.2864123022894525
-4.249310318470783
-7.64232322627566
-7.466952160280627
-4.265944377922879
-3.8876954804315433
-7.364483784907893
-7.146272761239121
-5.682539834709196
-5.889952637234765
-4.5546212253769065
-6.1161958424049905
-6.520641006343234
-6.955501189014616
-3.8344941420738055
-8.163546962351159
-4.940116231311781
-6.104362119313011
-5.176680379086604
-4.8815467700332364
-5.408754114597217
-7.797922288199273
-4.7259207988570795
-5.217858762565149
-4.8972412340705445
-4.051376582878251
-4.231320153436877
-5.586870160913483
-5.797741246880841
-4.634223703897328
-4.251231899582733
-4.536231036939886
-6.361295659877837
-5.6264522793773235
-5.557553911207888
-4.607385098494087
-6.492052175201466
-5.31889985419762
-5.278799760315095
-9.044018698688843
-5.840335336996102
-4.781769090103901
-5.739041104665281
-5.060415794852591
-5.971804028970783
-5.223737289443099
-6.34040255478416
-4.162240077073537
-4.173770283586546
-5.418652016620573
-5.298559768349232
-4.740663440364088
-4.464386616397005
-5.609945794209314
-7.145407362954319
-4.40082629926992
-5.497572897087624
-5.053642664200961
-6.628139413464764
-5.59716766026986
-4.758737769229607
-5.1175916192545845
-9.462105308195286
-4.867702738377273
-5.875371560875913
-7.972314456437417
-6.450728227788683
-4.068042399130231
-5.125399662111412
-5.9487968692941315
-6.129765971998725
-6.479978507617226
-5.508404274720456
-4.572747871739168
-4.321730334334247
-5.194586716599335
-5.994709190926071
-6.460399693665606
-5.241011705611366
-5.533193259940638
-5.0922456946895185
-5.7977863028158
-4.892508282143258
-6.596222767627358
-5.7189812677368925
-3.5673791340431764
-6.000257089094113
-5.419033586324534
-5.357063923137394
-7.2339007058504565
-5.933329657308893
-7.626963464453727
-5.222247841460643
-4.935929445089346
-6.035636447114573
-5.0505856082945435
-4.69966935927931
-5.685662383377876
-5.4055650142866325
-4.437470149951018
-5.680574171820685
-4.930054264762233
-5.220352318384755
-6.889977189088437
-6.813155720928992
-4.8735674270156055
-5.235676465979863
-5.2143258849602105
-5.096218853922068
-4.845629327003342
-4.718521873069535
-4.55701655225008
-4.254830869045285
-5.779721435402811
-6.072871341133936
-5.346976462065507
-8.567091880072935
-7.766745091284268
-3.929585422012706
-5.7677369621238315
-9.199799049828037
-5.663983381405472
-4.818668643674355
-4.725775060501727
-4.686998674659305
-5.499978985683542
-7.051408654264841
-4.950231793917816
-7.324346960188772
-5.992492343420823
-5.557492628429444
-4.2226371631694075
-4.455722010828129
-6.667790661865273
-5.495439293191042
-8.15829709151901
-5.8083266596127165
-5.789946900053655
-5.226903602102579
-6.523181730675711
-6.609633745913228
-6.6894242067035075
-4.275075112802371
-6.645895710372222
-5.792283339577209
-5.408458547404384
-7.690478867405556
-5.743388284110919
-4.8222025259137435
-4.448909313349625
-4.766968719895229
-4.728935027201408
-4.7603451047418535
-4.656250040309216
-4.54532175039144
-6.507604287821339
-5.806833081571284
-4.736282088800652
-5.515431421654821
-4.679448810710846
-6.032144283732986
-8.898812613039615
-5.742351834436101
-6.178121942714157
-6.236422759850026
-4.848969516261486
-4.732214003318857
-3.5134489144676975
-5.705134469162025
-4.170242834904951
-5.9506422780233335
-7.405774182745059
-5.409280008315375
-4.664655665376368
-6.4736550966926885
-4.388415547537407
-4.531526239378138
-6.319268929044914
-5.958966562492988
-6.116861305664379
-4.600302330792017
-6.987404254545096
-4.985594000423662
-4.448270828318616
-4.980280910248566
-4.121789401974693
-3.886221800555894
-5.204341644271764
-4.015712761916892
-6.280058126461296
-7.031372653435868
-5.22157147321143
-4.75896838191651
-6.043039045033131
-5.714618572776344
-4.628054223102581
-5.5501152010619395
-5.442614761998731
-8.39689893532049
-5.4526097212435305
-4.444046847014943
-4.628745863899638
-5.8088462775649425
-6.083004505064191
-8.930866030962306
-8.53269892437704
-6.225548236775114
-5.809789246085446
-4.054313636859022
-7.123928868449084
-5.976180495850588
-4.64070145310217
-4.037977424612177
-4.305291447212042
-5.189932329973053
-5.174682240514109
-4.851898203080469
-4.977497122581474
-5.927218101681303
-4.923876600530935
-6.417217614412934
-4.459046007815228
-5.39683246570771
-4.696387372504573
-6.996112383184168
-7.7267674777707205
-4.182437840429486
-5.863101731827794
-6.149911983072337
-6.412590068123267
-5.5125240508775954
-5.712188796551661
-4.859942278483945
-8.072035982841404
-4.937668773696132
-4.909996655582431
-5.603243009875733
-6.909660654374173
-4.910205709831203
-8.182886990507386
-5.879641911527035
-6.00295344342005
-4.606912853689002
-5.137692994706159
-6.9744187484670634
-5.234122287799468
-7.228613422758964
-4.681489629099257
-6.157646819308223
-3.866827589159505
-5.533948374550239
-5.560443978791037
-4.822783813421119
-5.000030194053186
-4.8930372306328085
-3.948026021486779
-5.5647533771544735
-8.937186944514588
-4.635096925070349
-6.351443965257466
-3.500058605910618
-6.1528308347553065
-8.472708624842554
-6.80417042756149
-4.401082953450625
-4.889671288780683
-5.226002159080568
-11.232171858185442
-5.031999609231899
-4.752437049493488
-5.1861881371666145
-5.546068324259869
-9.381868778389409
-6.174124217039809
-4.700527984210754
-4.805842449740329
-4.759451772905336
-4.232269749400873
-7.062166654738894
-7.665867924944759
-4.180760043438927
-4.847619436620037
-6.349042053808614
-4.810689192148973
-5.171559164560547
-4.8046485568379
-4.055754309538583
-6.718058205716125
-4.1300451085354215
-4.937292016246081
-4.795028566792497
-6.448205985226083
-5.290501634507753
-5.603401181414929
-6.376818991531807
-5.598293650874816
-7.353921360154767
-7.7479294213881325
-5.142657158178415
-4.694205747850605
-6.788918962131832
-7.048654473813773
-9.565598881222034
-8.031525087554952
-5.993475159522073
-5.9790992287675255
-5.214954677601459
-5.865744424043751
-5.753231191624879
-6.3835659786655885
-5.951484713959096
-6.506971906902554
-4.178679110304108
-4.856744140909135
-6.027665324477008
-6.363780179453966
-6.9522821231512495
-4.252713386474118
-5.009297385148698
-5.85336160206078
-6.881112894601923
-4.8153451760665025
-6.227171035902384
-5.113827451747573
-6.992161729747772
-7.604847512869193
-4.693056748095548
-5.61093040389261
-4.206852441606556
-8.86394619734207
-4.621724983502208
-4.176283331986702
-5.305703236233719
-5.303914030704877
-4.7717622972437
-6.043795601597303
-4.826690928983093
-8.05946813975361
-4.382279828475117
-5.251019341037236
-5.230583932105021
-5.758875258754264
-4.4810751156422715
-4.981265981723562
-4.7685422094319305
-4.540671087726027
-6.149277530734102
-4.719037756441754
-5.127449865541944
-5.222604517601499
-4.6104641364284875
-4.874423837483954
-4.271231899449661
-5.46602686538079
-4.697849616503433
-4.453693738145853
-5.624967228538093
-7.708745459947301
-5.83379407582281
-5.055269293524685
-5.135489817151717
-5.406021290371679
-4.362602823175764
-7.838263956665153
-5.607523463309098
-4.154426503894837
-8.96065316603508
-5.591287782791374
-5.023636717353986
-4.802566531308822
-8.139229270901334
-7.805051265074047
-5.55705267087631
-5.787519781576726
-4.9572288778481495
-5.259432481223968
-4.823744117354917
-4.401706771100076
-5.5427932476362685
-5.476050033160216
-6.3109444171183
-6.336694030371035
-4.323415302565424
-5.289206322973546
-4.66191744674191
-4.406407227017752
-10.206533847140863
-7.466780407930113
-6.6349000057603895
-4.668840288953564
-4.13131794696152
-4.449724990320549
-5.984315903606125
-4.706302287485502
-7.15686273363968
-3.5834858723747587
-6.127702743468957
-5.409999710806284
-5.048130247955229
-4.166739433389461
-5.457846424766557
-7.449899980321782
-7.061902543744362
-6.364005374064985
-4.128326025385562
-9.001685994348993
-4.2889868995481715
-7.543407040191101
-4.971006878174787
-5.340464424100537
-6.828038688717743
-4.614945802625152
-4.612617782170052
-4.897387190913371
-7.67980843173721
-3.6725933190798425
-5.040353276368877
-4.9502180183931195
-5.065647563808514
-5.906898974775336
-5.4353724408509665
-5.783436313193531
-6.283368601858979
-5.7318897083142435
-3.5696200780579184
-5.148775451685682
-5.45450872062229
-5.234187850219981
-7.181551838400597
-5.8387600523919225
-5.250044984947425
-5.020581189184535
-3.7519101046824983
-6.024003072841925
-5.890485578844237
-5.178393839533902
-6.534558878566104
-6.120455785440947
-6.466576778154902
-5.4839724686692
-7.064148293774302
-6.628311729992225
-5.852127535474666
-5.859350734834161
-5.694640372668686
-12.993116358903386
-5.185827649458256
-4.999344093298485
-4.739467365147423
-5.207025151932466
-7.051339654873978
-5.604267303065766
-6.635700204982503
-4.7306344286589574
-5.732185203183433
-6.279154172757258
-4.522246378733753
-5.156519231852044
-4.521215411651799
-4.304153391457665
-4.835413294011908
-3.943291346877639
-3.818213203227836
-4.559212667400328
-5.409764481818717
-5.4980081345140395
-4.545505449917984
-3.709056768622964
-4.218147158049355
-4.2118920161796645
-4.506975876914602
-5.083200905050096
-6.497303282103702
-4.553279494106992
-7.628883413881406
-5.932892341059649
-4.886287706718632
-4.568199962601511
-5.580182031843402
-6.689583059668316
-4.090942802715284
-5.674231414176876
-5.61103908960081
-4.824481382052196
-5.59106479116944
-4.823032833457455
-5.306560773151821
-5.015676564544453
-4.454250800595777
-3.924906915275388
-5.2204119985317385
-5.482004064136225
-6.02084947499984
-5.370649805545121
-4.083202322518764
-5.135818299229523
