# log10pgen
-11.748722648599422
-12.254351038113299
-7.269202498968269
-11.322523014412052
-8.216380725959676
-10.811436479479868
-8.619145872667998
-12.91006454757569
-8.846494023601167
-12.056441879468998
-9.55917002577507
-12.522373665525008
-7.550908666103083
-12.557065155094445
-9.749754404413475
-8.902899335418368
-9.512625335774587
-8.46882846411152
-8.404377050893476
-8.145630442681671
-6.4263688512938755
-8.347715726968607
-9.0138884715439
-8.839857343829042
-10.988640003751625
-6.240588689643164
-11.539302958476336
-7.056096077344956
-16.214312311499658
-13.198211245315761
-8.579258081753032
-8.26841670072851
-6.873442084231832
-8.863444598280944
-8.103426792865799
-8.773332010293833
-8.660691884734952
-11.215542551029099
-10.889669140500143
-16.481623916094186
-7.553190007557932
-10.412276246630142
-7.9324383748541
-7.961658421052735
-7.355471397939747
-8.741507384471834
-9.251228915560786
-8.156455751267258
-7.084847147318987
-12.302236763644762
-8.001990611297837
-9.46634394891311
-9.283025286054459
-7.6131244492493195
-8.822795892191397
-15.009936129903325
-14.121915361176443
-8.915015422046038
-8.068969309176094
-8.678521344788019
-6.521642269210316
-8.15708717956531
-10.024511505973743
-8.345257283798565
-12.518396252236139
-10.225897801639254
-9.434109930757781
-9.361334537597811
-7.28587977736356
-8.901316133638032
-6.822899175115962
-10.422943871347773
-7.6303842220406475
-10.71630993016695
-9.539072545105318
-6.958949221779471
-11.430626950121367
-8.563114382739666
-12.37796481461772
-11.61146652940064
-8.23501854461915
-7.442228058813655
-11.73465053377074
-8.642182130819318
-9.391327597930266
-6.798515590569499
-9.969079292066677
-7.524799607637832
-7.143457404512979
-8.715839756837322
-10.73770170892739
-6.636451890514958
-10.345278863269604
-11.126130431699131
-11.893582273875644
-14.671626537836746
-9.078235256866847
-12.433329360080888
-11.601916281144463
-11.885229942751469
-8.28470813311033
-8.180443895850487
-7.037935180048467
-9.53568747693989
-9.97328148034222
-8.202097203621973
-6.358466314684855
-10.706339659111427
-7.727773333251751
-8.669915275223106
-11.7311548818726
-9.025056951250773
-9.80787177488021
-7.200004045685285
-10.991456519372383
-8.001552315199923
-8.577965988949023
-8.5761377965462
-8.8463811659676
-9.26433526405541
-12.602095213549594
-10.051310285019785
-7.201450750055806
-7.9052456646143465
-11.374339926008194
-12.617159069971889
-9.685198620567931
-7.858842205769989
-10.779649701568246
-16.622268152958515
-8.45834639104197
-9.515325023488613
-8.788424615788854
-8.476333440496457
-10.272051292290662
-13.05500921598137
-11.762777306840796
-11.197572094804707
-8.342462245868841
-7.5077001565422155
-6.614987429345299
-7.1135129393327245
-12.67213544574101
-9.769860275193244
-10.160146879788355
-6.680554415900074
-8.153357856357317
-8.922495232395368
-9.333902314295498
-7.573303029933387
-7.544894649444014
-8.463561474499041
-10.01282373837294
-10.099313982914524
-13.473141078450844
-9.519691117724776
-9.859042629822511
-11.50871898933144
-6.322781484269587
-7.135321222078766
-11.0507154686657
-6.789025429564965
-8.228025355213184
-9.062277612357661
-8.372267979415868
-8.42505771061501
-9.880883422552241
-12.89932077577173
-12.955834988691008
-8.706518312953051
-7.5053515807971785
-10.472680839949122
-9.588475900290051
-10.315126164383356
-9.773608675067452
-9.03819281265092
-9.584483518149987
-9.129116780669007
-8.03888159825591
-8.776550288774624
-9.588052594860985
-11.237117217223117
-8.132614163458538
-8.621209070656851
-11.732187124051675
-7.796733214825162
-13.879223701677999
-9.808192399086222
-9.171899515814255
-6.5401865430426795
-10.117859835225358
-10.293475034492669
-7.306965613218484
-9.412178212435004
-11.118700932178488
-14.477670732869
-10.936212465704608
-13.392917314288514
-8.467238571514475
-16.299959440654614
-11.491916790192311
-19.550383635169343
-8.121369140898715
-6.46672375708134
-10.372385045470656
-9.787459860088038
-8.218923593767363
-8.929245270546296
-7.176547162234329
-7.39755768389683
-6.236737328740499
-9.9372800771361
-6.760369484667897
-9.218398984889536
-9.140594730911918
-7.405144803887141
-10.618759664824333
-6.869499654967487
-13.701960664707983
-7.4052116770400165
-9.080823441221055
-9.121689939635528
-6.995010648494275
-8.784746665921324
-9.587653499050885
-15.686421805557462
-9.329400665181206
-12.275232037825248
-6.525485346341487
-9.083021473819697
-8.695776881960475
-10.872214918320006
-7.672298280127704
-11.73018657318006
-9.24828907062284
-11.292172117379172
-9.394043275101506
-6.1898519655314095
-10.42101622873886
-8.814780600019608
-16.235539976006184
-7.17860716510323
-8.270038462561992
-8.2656915902736
-10.863219946497336
-10.336522304719841
-11.053215969141789
-7.696574488163084
-8.567491429645639
-6.645538500306648
-9.182800392729268
-10.515904808407145
-10.807749753187789
-6.804733810981941
-10.359490949647704
-8.886481669153781
-11.718416837823309
-6.9218872806187735
-14.555195469736232
-9.338506529644848
-9.866530791782292
-11.578613100534469
-7.850406099884972
-7.388664258358735
-7.12227250351547
-11.045148934225292
-8.66143760018942
-9.22292786617469
-9.911583670699986
-9.603340791759603
-12.85075213745119
-8.709274688825301
-9.07190680378703
-10.981806769623752
-6.047166509929035
-7.99487929634929
-7.585622168989723
-9.038731680007793
-7.482039364034177
-6.83109243222897
-11.782233872531004
-6.734246998812684
-5.8277837889678015
-8.024606853860789
-8.157894003947773
-11.332523527972084
-8.530790608601485
-9.969985016200154
-7.108031223294255
-9.368765124744987
-10.867959117545759
-6.74246894074914
-9.320937221196541
-7.7386531799109886
-9.283807133034399
-7.868626806183487
-9.47852917919883
-8.545200526622681
-8.18328347379514
-10.05705407165959
-11.924430377220023
-8.517084857061056
-8.370210955014532
-7.933751495916379
-8.203895509456727
-6.7391624333711
-12.823923068586259
-6.760408635003812
-8.600445005517292
-12.29457634414972
-10.759466447983145
-9.944433387266924
-9.314430193884956
-12.235737718712768
-12.227961162184311
-10.583774153171232
-11.636849267810845
-9.133364785011299
-6.778566393291141
-8.133014209962816
-9.780451834023824
-7.384624671286282
-6.989063229022231
-8.540890854233599
-9.476822865913025
-10.79644050899251
-8.421811594243069
-7.3800295361656625
-7.1637432425463565
-9.510508770853225
-8.268988071005115
-6.856303959223869
-8.92832235269737
-6.867391753769204
-8.406828498045067
-9.810316260819267
-8.04056666017212
-8.912953142530634
-7.045803139639393
-8.444923416769974
-9.893988684702398
-9.032082205112435
-7.017220280338813
-16.287464704131825
-7.659786765118808
-8.85923277148795
-10.579957412023388
-7.890849885039826
-11.794020816988906
-9.245526533337532
-7.6695532708834415
-6.497470699709532
-7.9331013568820365
-9.997524798790176
-7.683711242861397
-9.360930037217589
-8.921542046358384
-7.921932658058913
-7.215153473632486
-6.6180945396899045
-9.262487159667184
-8.941860011492013
-9.471165804055039
-12.869572275939772
-15.277329122455932
-9.490866011243256
-10.648699989127195
-7.158828635985395
-9.690079324667051
-9.092483799569589
-6.49499971184241
-7.7788717321970156
-15.170101032171189
-12.008174743480547
-12.227170261651798
-7.106044766612854
-7.5201355474273965
-11.208785259525628
-6.876806271775703
-8.177365021495715
-11.819169972487098
-6.048076126271595
-9.343428194357108
-6.837332558293146
-13.819500783384127
-9.913507146336688
-8.899589334997339
-9.619801292683796
-9.034836823554773
-8.605330006481532
-7.855186729630201
-8.90285470326997
-16.34454040632885
-11.912991256255793
-9.793963189859271
-8.32931520867792
-11.98785183990091
-7.010404030597836
-11.580631059887732
-8.508592484970697
-6.8460478957073985
-7.504221907832865
-10.785382591046794
-5.786280869248085
-8.321705510107533
-14.955950318109895
-9.475236957671903
-9.198960270324804
-8.15660978524061
-10.684696325924406
-7.9648673919013815
-7.262529814207264
-8.861695833218537
-12.371175889836403
-8.752149921139567
-7.749420221553177
-9.104282022355429
-8.749122484738216
-8.541437055698758
-7.540485404861021
-8.38434836737444
-9.554536234955318
-8.705197900885903
-7.576880549165893
-8.644319177348539
-7.677712018955123
-8.273033082067268
-7.29190636519461
-9.724958205845779
-9.463973261875674
-10.809507140780312
-11.007627087747945
-15.60127303855964
-6.788957662744152
-7.878520627235171
-9.591739891147608
-7.445761935648916
-10.292501813930972
-8.808968242419235
-5.409635663812916
-9.11426424649524
-10.598225453592113
-8.534379267826106
-10.637603599462206
-10.096743517834854
-9.095193869721813
-8.661201714617553
-11.956752473466555
-6.636506913786767
-7.355294528571552
-15.332506558073858
-7.0456355760969505
-10.275930150238361
-7.913316978536708
-18.164148072244394
-12.420969327292163
-7.458255258396562
-11.64231328615894
-12.162128447016368
-7.894942610409864
-12.041637770720858
-7.415712946497856
-8.923392420580448
-11.267500884298798
-8.048648856391939
-8.433046407732927
-9.580402467715865
-11.531326369969065
-7.563132763005997
-7.8013153214522255
-8.394681029303054
-12.584115365435514
-12.851526116733151
-6.696546964406889
-13.259078236271636
-7.017892037274872
-10.366996267059202
-6.726218971456919
-7.447253153537341
-9.00197387395978
-8.5857382001194
-12.170908200069938
-9.66605020693881
-8.011279146909107
-8.852693476060795
-10.091918117647701
-10.51911181851816
-8.092437833311878
-8.46254874417805
-10.292871798316185
-7.05818751961634
-8.412077301339558
-7.296989203689659
-14.518116468298901
-15.865585635902692
-7.834791817660506
-11.245250011420325
-15.731709555484313
-9.31474719065068
-6.150145051802422
-7.552975832605664
-10.887434535273803
-10.907338925695617
-8.666614757892464
-7.2836363160790425
-6.521642269210316
-8.437658241544241
-10.702477060940092
-10.113996586541043
-8.070723369363222
-8.437575633517985
-7.775788952311098
-6.459380789925182
-8.563996045251992
-6.482753057325317
-9.97025489742954
-6.403629590238236
-8.235428111693734
-12.009680012634217
-10.350448546557484
-8.269923566999525
-7.243936558862695
-7.65289249694608
-10.2528884017721
-9.779563609103548
-10.799466842711626
-8.450755417773873
-9.59523271662307
-11.292950101109126
-10.975868268143797
-7.998116239491247
-9.838023566979231
-9.969098612937858
-9.659547840110749
-10.682348360353076
-8.230947458252285
-9.427461326246759
-6.598089323485411
-8.106092716469405
-7.288881835235804
-11.064365037457936
-6.998504392507796
-10.924797920043448
-8.438207711395686
-7.114369256316902
-9.900972101577226
-7.11876320985737
-9.814457749186765
-11.838656796017029
-7.634015042802578
-8.614090361558034
-9.487494674423772
-8.024305869936907
-9.611324150915182
-6.0812317916747265
-10.190210298565527
-9.921768242329742
-9.77881028500334
-9.088948347294458
-8.09990804967324
-9.000169904624089
-8.705231195244213
-7.736233448429711
-7.049762318082239
-8.733376676601598
-8.703001326063484
-8.633709010612339
-9.614283770771284
-8.191740208095789
-7.263119219436817
-5.9957898606944156
-10.352635562400314
-8.848602284027342
-7.664475857731467
-7.984768022993352
-8.369125565221482
-8.983904133325854
-7.481334193660053
-8.622427447852344
-8.327422440786101
-10.134965055826736
-11.06009748413462
-8.155183673519522
-7.222483490975751
-10.126556932030725
-6.888381198747607
-9.701947979099469
-8.33709149635983
-6.583175994515158
-7.8617719386224465
-7.4995642295995335
-10.23007422864073
-13.859470973187936
-7.850958721873807
-9.480165912681068
-7.918038756185394
-8.085576165068993
-7.242145094278494
-7.847405652051449
-8.193953556868786
-10.874496209884356
-7.990488839123424
-8.2549903674932
-10.338051700763502
-10.573850150527713
-6.865335463563697
-11.074041754120637
-10.1844798552774
-7.045649843783269
-10.403328384128303
-10.384175777193759
-7.915022752824585
-8.584431133161418
-8.894616905759948
-9.28162387414458
-10.938360675684436
-10.826818854162397
-10.137933119968814
-9.609342455706255
-8.48573623451518
-7.999056906650489
-7.467182485186692
-6.086061717134468
-7.155674977418851
-7.365000259464498
-10.459588994995025
-7.235513666344315
-11.062353226078505
-7.777473910543637
-10.976956380053922
-9.964119867657718
-18.371535148130384
-6.812141065233286
-9.34385030892871
-7.823670511106703
-9.92148457341245
-9.501042743666273
-7.903783814684654
-11.247126925849264
-9.144340999282372
-11.048797760854452
-10.4467377951238
-8.37973979096583
-8.10400740487421
-6.651880577601316
-6.893149684279828
-6.643123248712354
-12.024436077833377
-11.45164344548745
-6.716487808331324
-8.958549364678966
-7.477772686951578
-8.533775955649403
-8.98098922004204
-8.168346474890281
-6.176728239051502
-5.542523729349332
-13.618246176097358
-8.805206369364981
-8.029418802930639
-9.311002049588726
-7.787751005247057
-7.977268606860017
-12.24259999205367
-6.636451890514958
-9.340525316909218
-9.854413122430298
-7.18461277062408
-10.033552001942079
-8.796701602198413
-6.688439571016369
-14.507762559667686
-9.059801543483418
-11.878018972919731
-9.635463615703955
-7.018364752862035
-9.405840117578606
-11.530564240975885
-9.685678964314475
-8.478221910281134
-12.00413694057111
-9.684012080243427
-8.169459576438344
-10.567540789994647
-10.052724160460762
-9.137599127464052
-9.29345879197264
-8.570804457186279
-6.3825745486090995
-7.500811854324019
-8.68567369672258
-6.927327754865392
-9.097022452643387
-6.74770487175121
-7.813913268638563
-8.934538923988345
-6.822846537432655
-6.701236962837184
-8.897548304073869
-8.708465053984737
-10.345290273641343
-9.563771262640936
-8.468495024228591
-8.275497988796275
-9.159509692852042
-11.197506967118542
-6.384622507801384
-11.142508327830862
-7.508772193157725
-7.87723336990188
-11.575789389420262
-8.008870657084266
-8.541450882334981
-6.949721849946081
-6.9270237495663505
-9.333616690321813
-7.316302042449005
-8.45398920581931
-10.64533797163818
-9.925549996333908
-8.683006458302753
-7.499074165185583
-7.191520243289176
-7.661198274412942
-7.505928319831463
-8.999161984001708
-7.985280459958734
-9.164692119686437
-8.93796157216235
-9.513102284951337
-10.08393716146452
-8.460740140019256
-7.9331013568820365
-8.755631991165178
-14.128408975147943
-9.083302065478337
-11.386946467495498
-8.562118525103052
-10.23963089461799
-7.984192804192648
-7.993992880128847
-7.004127992612758
-8.87371154278571
-6.060282660157135
-9.619833355801289
-11.306446936976277
-7.582375538719138
-6.455126657806245
-12.603045540195309
-9.5016241863177
-7.323303013602634
-7.298652224847895
-8.439457227769573
-9.044514667653766
-9.036319979719137
-17.055932590489533
-7.908807569848647
-12.389844999685618
-9.307797653509763
-5.82194990687409
-8.473724173748685
-8.353374446607202
-7.4455638035512495
-9.600282994038773
-13.048343516456734
-7.252799996802201
-6.672167420413636
-7.988023282471043
-11.866658850436833
-10.510913142464021
-10.736765728952514
-12.440854936133452
-10.835190114172837
-6.831995098237317
-8.495126376632438
-7.966018245563497
-10.844354903789137
-11.823532196184056
-8.329236422473656
-6.989434107300069
-10.014157901694103
-7.254584667889032
-9.822984125810036
-6.554251402209793
-9.742763010745236
-8.558187360306906
-10.19277806100737
-13.278252753884397
-11.02175276917406
-7.150219198589601
-7.498909533113094
-6.895927357576305
-7.781273421912499
-9.706494003659486
-8.980456854439534
-7.228607791880105
-7.8622249072286134
-8.705523545891898
-8.1236774602531
-10.94717071448561
-6.98118939515159
-9.484413890795405
-6.867391753769204
-7.666508031213961
-10.426928132071222
-10.164115764018435
-6.568148504093688
-12.734576363124491
-7.88525456813874
-11.005183451722917
-8.462937759917738
-8.124534038069795
-9.322881774643664
-17.588060858634783
-7.616541456901797
-8.647519251985878
-7.457508886186641
-9.368491958447223
-9.859860792026783
-9.477581968076905
-8.454493176021025
-7.954936958950328
-8.502098438347577
-6.777579878556753
-7.441963402913002
-11.230815481920855
-9.569957324350558
-10.54498412824576
-8.597592368674288
-10.56580733393066
-11.822019822875456
-8.122704074924307
-6.988620063435056
-7.117561168678022
-6.8460478957073985
-6.883826151262765
-7.075726255816562
-8.345164624417366
-9.228459037340702
-10.433391623384287
-8.287966887850274
-7.658684455160563
-10.104628954908499
-7.933626094019275
-7.127818381794172
-7.656219538230314
-14.418801182288547
-7.549956704942181
-7.233852421963453
-8.02118753135763
-12.405787931192675
-9.918734873130983
-8.91294524726413
-7.692101563229391
-9.882374314380026
-11.009709577639818
-10.785851554108444
-10.356475550872823
-9.093236471534691
-7.1791651273185275
-7.516148440693266
-9.706653862810514
-7.841228919842792
-7.801960420730435
-8.02946622567118
-8.111272522925756
-7.599332237647397
-8.65575331983676
-10.369023720462922
-7.779821867938819
-9.238867032764752
-8.088818906327598
-9.325855560417507
-9.22839126002397
-9.492727133979088
-11.578457664585533
-7.680823499251592
-12.9341961453071
-6.909015723485084
-7.430955012936026
-7.80270805534603
-6.74770487175121
-13.407966890316114
-10.081260283866088
-9.35400886246398
-10.661707687315086
-7.010961409680935
-11.067031112443395
-12.146781403402926
-7.998199896795468
-10.602055259848362
-7.062156891179505
-8.309904407700945
-8.248410032610137
-9.207255443918914
-12.562096856260029
-7.358776643682831
-9.746442458423957
-9.804593440727837
-9.066126045148005
-9.00057771618356
-8.961247577033387
-7.942883984747095
-7.296537005991121
-8.49960876234527
-7.232837683499526
-7.353006582954743
-6.253690857311456
-15.20350703107622
-9.449758077836185
-10.89507320144953
-10.699284097641499
-8.64381623598337
-8.021095258269144
-8.175365419580146
-8.502257128772971
-14.922502808167138
-8.795234977979616
-8.97428698271049
-7.576937039241286
-7.273078117796859
-7.263906555199501
-9.743299724474507
-11.304719143458088
-7.045803139639393
-8.174631669052994
-11.09933584686442
-9.493754122422464
-7.448513281727015
-7.791451068705241
-16.90557058947635
-8.374525302064654
-8.088637795682827
-10.937082606753783
-6.612446404621261
-7.478831589425249
-6.413631010445039
-9.707471127834255
-9.682927153489898
-9.306840928143746
-7.352587316595293
-9.102753934259963
-8.65827068887939
-13.204825500771625
-8.651510331926653
-13.674825551152031
-9.66894258297077
-10.77566349892747
-5.913327484475671
-7.06000757833895
-8.797115462606824
-10.165461191284058
-7.251209492910681
-15.084378726813888
-10.55768833118057
-8.358262150663471
-11.019596939073457
-9.9006534176233
-5.723723379648135
-10.877682186648757
-10.705300090924283
-7.658954343602577
-7.450271736929726
-9.479505613601656
-9.070294780691777
-7.735974620564828
-7.166930019501718
-8.393740985022744
-9.705954916717856
-9.371521670489727
-6.844634037029429
-8.695776881960475
-8.585305648442365
-7.6217342713437155
-9.965512848894063
-9.255571053662095
-7.051260643631027
-8.086675621954798
-9.96543519326376
-8.090183945542472
-7.230680174981435
-6.892385584156852
-10.49234934720102
-8.357082256594206
-9.189822925186895
-8.191853599329459
-10.679454463479788
-7.909798990737711
-7.382875186253025
-9.06214978369168
-9.463948878613307
-7.420185101856305
-7.585150151186708
-10.252140424556362
-8.735923443896956
-8.226370202412877
-11.510628973350459
-9.786060972196797
-6.74078935787371
-6.595435618746465
